0.000027
0.000049
0.000064
0.000166
0.000187
0.000301
0.000304
0.000453
0.000503
0.000510
0.000843
0.000876
0.001291
0.001304
0.001380
0.001577
0.001757
0.001840
0.001852
0.001893
0.002094
0.002118
0.002122
0.002136
0.002252
0.002536
0.002965
0.002990
0.003098
0.003190
0.003228
0.003274
0.003388
0.003718
0.003724
0.004096
0.004105
0.004166
0.004406
0.004477
0.004513
0.004640
0.004728
0.004820
0.004891
0.004967
0.005036
0.005084
0.005287
0.005293
0.005378
0.005414
0.005457
0.005480
0.005490
0.005492
0.005600
0.005788
0.005898
0.005912
0.005965
0.006087
0.006350
0.006538
0.006573
0.006593
0.006830
0.006858
0.006860
0.007003
0.007135
0.007159
0.007256
0.007280
0.007326
0.007404
0.007560
0.007564
0.007590
0.007691
0.007847
0.007893
0.007897
0.007903
0.008024
0.008769
0.008841
0.008921
0.008925
0.009038
0.009240
0.009485
0.009569
0.009700
0.009780
0.009812
0.009897
0.009967
0.010153
0.010204
0.010226
0.010467
0.010531
0.010608
0.010638
0.010643
0.010725
0.011030
0.011031
0.011043
0.011130
0.011355
0.011392
0.011583
0.011702
0.011713
0.011731
0.011752
0.011766
0.011798
0.012051
0.012282
0.012287
0.012311
0.012320
0.012369
0.012408
0.012622
0.012741
0.012791
0.012799
0.012841
0.013041
0.013076
0.013229
0.013267
0.013374
0.013585
0.013861
0.014015
0.014231
0.014412
0.014702
0.014718
0.014791
0.015210
0.015261
0.015275
0.015357
0.015369
0.015382
0.015760
0.015781
0.015845
0.016126
0.016131
0.016152
0.016448
0.016463
0.016514
0.016579
0.016970
0.016981
0.017057
0.017131
0.017143
0.017229
0.017296
0.017358
0.017454
0.017655
0.017810
0.017929
0.018033
0.018130
0.018131
0.018132
0.018194
0.018220
0.018237
0.018251
0.018305
0.018452
0.018522
0.018697
0.018872
0.018897
0.018985
0.019076
0.019178
0.019194
0.019379
0.019492
0.019588
0.019589
0.019796
0.019830
0.019838
0.019969
0.019984
0.020014
0.020046
0.020139
0.020232
0.020402
0.020494
0.020527
0.020775
0.020848
0.020865
0.020972
0.020998
0.021025
0.021086
0.021152
0.021423
0.021445
0.021458
0.021549
0.021613
0.021690
0.022019
0.022083
0.022132
0.022166
0.022218
0.022396
0.022404
0.022552
0.022576
0.022726
0.023043
0.023051
0.023076
0.023140
0.023161
0.023341
0.023563
0.023655
0.023663
0.023682
0.024022
0.024110
0.024399
0.024439
0.024440
0.024469
0.024489
0.024526
0.024554
0.024628
0.024637
0.024656
0.024697
0.024813
0.024956
0.024966
0.025031
0.025077
0.025277
0.025377
0.025615
0.025636
0.025687
0.025847
0.025861
0.025867
0.026245
0.026246
0.026271
0.026839
0.026858
0.026873
0.026931
0.026948
0.026984
0.027161
0.027241
0.027286
0.027293
0.027456
0.027463
0.027465
0.027527
0.027587
0.027855
0.027871
0.027878
0.027893
0.027947
0.028255
0.028526
0.028600
0.028776
0.028801
0.028829
0.028867
0.028876
0.029083
0.029166
0.029236
0.029390
0.029454
0.029514
0.029531
0.029550
0.029575
0.029576
0.029578
0.029606
0.029767
0.029853
0.029876
0.029897
0.029939
0.030167
0.030505
0.030710
0.030711
0.030721
0.030721
0.030849
0.030912
0.030962
0.030970
0.031045
0.031260
0.031343
0.031407
0.031412
0.031608
0.031610
0.031744
0.031812
0.031995
0.032179
0.032183
0.032224
0.032237
0.032400
0.032441
0.032441
0.032520
0.032548
0.032601
0.032713
0.032840
0.032848
0.032890
0.032908
0.033016
0.033017
0.033201
0.033376
0.033554
0.033595
0.033662
0.033856
0.033906
0.034352
0.034412
0.034811
0.034845
0.034904
0.035268
0.035289
0.035325
0.035352
0.035504
0.035531
0.035559
0.035748
0.035805
0.035932
0.035946
0.036276
0.036278
0.036311
0.036366
0.036399
0.036468
0.036953
0.036981
0.037001
0.037022
0.037055
0.037319
0.037384
0.037406
0.037450
0.037480
0.037490
0.037565
0.037597
0.037618
0.037647
0.037650
0.037754
0.037820
0.037888
0.038049
0.038170
0.038376
0.038506
0.038686
0.038976
0.039066
0.039193
0.039246
0.039330
0.039420
0.039499
0.039564
0.039595
0.039827
0.039973
0.039974
0.040047
0.040090
0.040111
0.040130
0.040203
0.040377
0.040667
0.040760
0.040797
0.040974
0.041368
0.041477
0.041479
0.041486
0.041581
0.041589
0.041683
0.041715
0.041774
0.041789
0.041793
0.041813
0.041929
0.041996
0.042032
0.042163
0.042366
0.042550
0.042569
0.042633
0.042807
0.042887
0.042941
0.043558
0.043630
0.043813
0.043844
0.043896
0.043899
0.044155
0.044293
0.044301
0.044328
0.044425
0.044655
0.044823
0.044846
0.044913
0.045084
0.045096
0.045233
0.045237
0.045353
0.045358
0.045530
0.045599
0.045728
0.045890
0.046122
0.046170
0.046323
0.046381
0.046579
0.046603
0.046689
0.046818
0.046863
0.046913
0.047003
0.047151
0.047255
0.047329
0.047402
0.047552
0.047606
0.047789
0.047812
0.047899
0.047981
0.048104
0.048222
0.048286
0.048316
0.048557
0.048690
0.048924
0.049036
0.049043
0.049060
0.049071
0.049101
0.049147
0.049619
0.049684
0.049750
0.049803
0.049835
0.049871
0.049905
0.049964
0.049971
0.050149
0.050294
0.050373
0.050415
0.050452
0.050619
0.050624
0.050720
0.050732
0.051035
0.051248
0.051307
0.051461
0.051689
0.051726
0.051890
0.051894
0.052108
0.052114
0.052654
0.052870
0.053054
0.053135
0.053136
0.053174
0.053297
0.053365
0.053699
0.053708
0.053779
0.053821
0.053993
0.054137
0.054565
0.054637
0.054689
0.054693
0.054716
0.054858
0.054863
0.054874
0.054894
0.054945
0.055148
0.055454
0.055488
0.055543
0.055638
0.055724
0.055774
0.056043
0.056176
0.056458
0.056468
0.056589
0.056683
0.056696
0.056799
0.056923
0.057103
0.057108
0.057135
0.057176
0.057193
0.057272
0.057660
0.057669
0.057669
0.057764
0.057983
0.058183
0.058232
0.058345
0.058398
0.058485
0.058669
0.058730
0.058753
0.058769
0.058826
0.058872
0.058970
0.059004
0.059006
0.059014
0.059183
0.059305
0.059336
0.059596
0.059662
0.059746
0.059989
0.059991
0.060108
0.060201
0.060410
0.060465
0.060641
0.060731
0.060796
0.060840
0.061016
0.061034
0.061037
0.061117
0.061126
0.061290
0.061377
0.061462
0.061642
0.061695
0.061954
0.062100
0.062131
0.062251
0.062359
0.062387
0.062470
0.062564
0.062771
0.062984
0.062993
0.063069
0.063090
0.063447
0.063672
0.063793
0.063820
0.063997
0.064377
0.064388
0.064495
0.064512
0.064523
0.064722
0.064728
0.064813
0.064848
0.064894
0.064896
0.064897
0.065094
0.065163
0.065179
0.065220
0.065228
0.065259
0.065317
0.065434
0.065465
0.065507
0.065598
0.065712
0.065742
0.066306
0.066444
0.066730
0.066824
0.066917
0.067152
0.067305
0.067337
0.067603
0.067746
0.067820
0.067987
0.067991
0.068106
0.068363
0.068371
0.068658
0.068680
0.068801
0.068917
0.068948
0.068965
0.069137
0.069258
0.069269
0.069496
0.069571
0.069636
0.069821
0.069860
0.069900
0.069927
0.070195
0.070237
0.070348
0.070388
0.070389
0.070390
0.070424
0.070426
0.070478
0.070524
0.070661
0.070781
0.070892
0.070999
0.071006
0.071203
0.071454
0.071497
0.071544
0.071597
0.071723
0.071792
0.071847
0.071978
0.071996
0.071997
0.072002
0.072085
0.072091
0.072218
0.072464
0.072587
0.072718
0.072840
0.073018
0.073060
0.073091
0.073156
0.073212
0.073224
0.073342
0.073680
0.073685
0.073817
0.073922
0.073950
0.074000
0.074012
0.074018
0.074161
0.074237
0.074254
0.074282
0.074334
0.074456
0.074787
0.074853
0.074895
0.074942
0.074954
0.075017
0.075023
0.075034
0.075270
0.075525
0.075600
0.075614
0.075844
0.076082
0.076246
0.076292
0.076334
0.076562
0.076600
0.076665
0.076737
0.076787
0.076795
0.076828
0.076829
0.076966
0.077015
0.077131
0.077418
0.077539
0.077588
0.077701
0.077717
0.077891
0.077970
0.078016
0.078155
0.078156
0.078419
0.078622
0.078872
0.079086
0.079150
0.079450
0.079641
0.079653
0.079710
0.079729
0.080096
0.080146
0.080161
0.080165
0.080205
0.080265
0.080389
0.080410
0.080531
0.080547
0.080558
0.080562
0.080565
0.080578
0.080653
0.080659
0.080866
0.081023
0.081034
0.081069
0.081076
0.081266
0.081295
0.081471
0.081509
0.081535
0.081562
0.081582
0.081772
0.081844
0.081906
0.082095
0.082120
0.082158
0.082162
0.082227
0.082248
0.082327
0.082527
0.082556
0.082599
0.082619
0.082634
0.082741
0.082788
0.082923
0.083000
0.083149
0.083164
0.083183
0.083222
0.083311
0.083484
0.083646
0.084055
0.084266
0.084311
0.084342
0.084541
0.084720
0.084723
0.084737
0.084767
0.084807
0.084813
0.084814
0.084993
0.085007
0.085154
0.085263
0.085381
0.085414
0.085505
0.085533
0.085664
0.085740
0.085856
0.085919
0.086058
0.086314
0.086392
0.086441
0.086483
0.086666
0.086819
0.086990
0.087095
0.087115
0.087123
0.087260
0.087290
0.087351
0.087481
0.087605
0.087952
0.087956
0.088068
0.088070
0.088111
0.088203
0.088354
0.088364
0.088378
0.088636
0.088728
0.088809
0.088937
0.088971
0.089101
0.089216
0.089309
0.089325
0.089419
0.089576
0.089681
0.089704
0.089727
0.089819
0.089828
0.089891
0.090033
0.090046
0.090192
0.090198
0.090236
0.090277
0.090367
0.090383
0.090404
0.090774
0.090831
0.090838
0.090957
0.091154
0.091311
0.091312
0.091392
0.091804
0.091863
0.091955
0.091959
0.091960
0.091969
0.092089
0.092132
0.092464
0.092529
0.092613
0.093095
0.093188
0.093220
0.093233
0.093349
0.093366
0.093389
0.093501
0.093616
0.093713
0.093737
0.093753
0.094230
0.094290
0.094331
0.094457
0.094460
0.094464
0.094516
0.094671
0.094770
0.094911
0.095006
0.095163
0.095360
0.095559
0.095728
0.095736
0.095786
0.095845
0.095902
0.095905
0.095967
0.096227
0.096323
0.096556
0.096854
0.096985
0.097008
0.097073
0.097177
0.097218
0.097319
0.097362
0.097487
0.097552
0.097650
0.097972
0.098157
0.098339
0.098428
0.098667
0.099138
0.099221
0.099265
0.099560
0.099790
0.099814
0.099855
0.099947
0.099973
0.100031
0.100039
0.100104
0.100190
0.100426
0.100515
0.100556
0.100618
0.100625
0.100680
0.100737
0.100754
0.100917
0.100985
0.100986
0.101020
0.101028
0.101182
0.101486
0.101836
0.101852
0.101895
0.102039
0.102203
0.102245
0.102276
0.102350
0.102408
0.102456
0.102610
0.102676
0.102698
0.102728
0.102850
0.103138
0.103298
0.103414
0.103575
0.103628
0.103661
0.103919
0.103936
0.103969
0.104169
0.104186
0.104277
0.104374
0.104382
0.104530
0.104587
0.104625
0.104768
0.104868
0.104972
0.105012
0.105020
0.105243
0.105259
0.105292
0.105349
0.105358
0.105459
0.105460
0.105585
0.105690
0.105780
0.105943
0.106052
0.106061
0.106073
0.106154
0.106208
0.106247
0.106463
0.106691
0.106864
0.106920
0.106991
0.107014
0.107054
0.107081
0.107256
0.107268
0.107327
0.107369
0.107452
0.107453
0.107514
0.107542
0.107723
0.108101
0.108121
0.108246
0.108268
0.108478
0.108786
0.108885
0.108967
0.108984
0.109139
0.109233
0.109391
0.109392
0.109555
0.109579
0.109608
0.109778
0.109835
0.109871
0.109946
0.110005
0.110035
0.110218
0.110272
0.110317
0.110326
0.110353
0.110580
0.110958
0.111075
0.111085
0.111176
0.111199
0.111300
0.111869
0.111964
0.112072
0.112074
0.112208
0.112259
0.112332
0.112474
0.112488
0.112541
0.112587
0.112681
0.112857
0.112909
0.112981
0.113181
0.113241
0.113348
0.113392
0.113565
0.113970
0.114113
0.114132
0.114174
0.114294
0.114301
0.114337
0.114733
0.114919
0.114954
0.115013
0.115104
0.115372
0.115389
0.115955
0.115979
0.116292
0.116402
0.116553
0.116592
0.116632
0.116749
0.116941
0.116968
0.116975
0.117454
0.117461
0.117558
0.117590
0.117780
0.117817
0.118062
0.118065
0.118110
0.118147
0.118192
0.118284
0.118327
0.118349
0.118368
0.118424
0.118445
0.118492
0.118584
0.118669
0.118841
0.118954
0.119043
0.119051
0.119195
0.119292
0.119361
0.119551
0.119669
0.119688
0.119694
0.119824
0.119891
0.119950
0.120030
0.120131
0.120314
0.120321
0.120349
0.120408
0.120442
0.120540
0.120596
0.120672
0.120912
0.121311
0.121472
0.121598
0.121718
0.122050
0.122062
0.122350
0.122427
0.122467
0.122601
0.122757
0.122850
0.122883
0.122905
0.123218
0.123459
0.123502
0.123736
0.123742
0.123864
0.124153
0.124181
0.124849
0.124936
0.125041
0.125167
0.125202
0.125297
0.125383
0.125557
0.125596
0.125647
0.125865
0.125889
0.125969
0.126034
0.126068
0.126200
0.126254
0.126466
0.126520
0.126611
0.126708
0.126926
0.126933
0.126993
0.127015
0.127035
0.127124
0.127303
0.127327
0.127342
0.127348
0.127358
0.127395
0.127590
0.127784
0.127963
0.128214
0.128292
0.128621
0.128898
0.129029
0.129076
0.129160
0.129218
0.129230
0.129298
0.129303
0.129396
0.129415
0.129440
0.129466
0.129567
0.129937
0.130137
0.130201
0.130236
0.130238
0.130330
0.130355
0.130381
0.130550
0.130557
0.130756
0.130807
0.130825
0.130862
0.130951
0.130963
0.130972
0.131004
0.131368
0.131424
0.131486
0.131589
0.131795
0.131855
0.131919
0.131979
0.132039
0.132056
0.132062
0.132076
0.132108
0.132785
0.132905
0.132962
0.133000
0.133035
0.133166
0.133211
0.133313
0.133420
0.133491
0.133533
0.133549
0.133615
0.133645
0.133693
0.133694
0.133736
0.133743
0.133782
0.133823
0.133860
0.133995
0.134055
0.134129
0.134159
0.134171
0.134201
0.134273
0.134317
0.134668
0.134729
0.134794
0.134855
0.134867
0.134887
0.134986
0.134989
0.135044
0.135078
0.135640
0.135779
0.135791
0.135801
0.135840
0.135925
0.135962
0.136331
0.136337
0.136349
0.136507
0.136620
0.136653
0.136811
0.136882
0.136918
0.136925
0.136931
0.136984
0.137141
0.137287
0.137312
0.137481
0.137503
0.137692
0.137776
0.137803
0.137870
0.138044
0.138225
0.138230
0.138328
0.138439
0.138523
0.138577
0.138610
0.138729
0.138901
0.138910
0.138957
0.138974
0.139062
0.139073
0.139207
0.139231
0.139254
0.139301
0.139507
0.139552
0.139768
0.140125
0.140225
0.140302
0.140317
0.140343
0.140476
0.140847
0.141005
0.141217
0.141411
0.141554
0.141692
0.141737
0.141753
0.141774
0.141780
0.141792
0.141879
0.141914
0.141947
0.141972
0.141978
0.141992
0.142046
0.142111
0.142124
0.142151
0.142202
0.142262
0.142305
0.142357
0.142375
0.142387
0.142479
0.142533
0.142640
0.142707
0.142762
0.142880
0.143076
0.143091
0.143158
0.143159
0.143221
0.143317
0.143366
0.143601
0.143624
0.143753
0.143766
0.143892
0.143934
0.144202
0.144270
0.144306
0.144432
0.144517
0.144618
0.144669
0.144706
0.144913
0.144931
0.145056
0.145118
0.145193
0.145275
0.145280
0.145298
0.145509
0.145908
0.145954
0.145960
0.146114
0.146280
0.146351
0.146516
0.146603
0.146936
0.147003
0.147011
0.147312
0.147322
0.147350
0.147523
0.147587
0.147638
0.147641
0.147733
0.147800
0.147877
0.147882
0.147890
0.148007
0.148060
0.148115
0.148180
0.148215
0.148416
0.148537
0.148599
0.148605
0.148643
0.148736
0.148810
0.148857
0.148869
0.148919
0.149020
0.149157
0.149203
0.149212
0.149443
0.149473
0.149603
0.149779
0.149785
0.149876
0.149881
0.149940
0.150146
0.150397
0.150493
0.150508
0.150562
0.150609
0.150655
0.150953
0.151272
0.151442
0.151847
0.151881
0.151899
0.151967
0.152142
0.152146
0.152168
0.152500
0.152691
0.153158
0.153254
0.153303
0.153583
0.153670
0.153719
0.153833
0.154012
0.154109
0.154255
0.154528
0.154529
0.154671
0.154740
0.154910
0.154978
0.155086
0.155101
0.155282
0.155333
0.155361
0.155383
0.155404
0.155439
0.155476
0.155509
0.155606
0.155638
0.155718
0.155935
0.155970
0.155971
0.156086
0.156388
0.156601
0.156617
0.156720
0.156967
0.156979
0.157223
0.157350
0.157358
0.157451
0.157537
0.157588
0.157723
0.157914
0.157917
0.158068
0.158084
0.158500
0.158590
0.158855
0.158924
0.158992
0.159169
0.159425
0.159497
0.159601
0.159607
0.159651
0.159744
0.159753
0.159945
0.160014
0.160029
0.160339
0.160404
0.160417
0.160493
0.160521
0.160659
0.160733
0.160954
0.161036
0.161084
0.161106
0.161121
0.161194
0.161270
0.161676
0.161797
0.161905
0.161969
0.162113
0.162187
0.162231
0.162233
0.162373
0.162441
0.162442
0.162553
0.162876
0.162938
0.163036
0.163135
0.163245
0.163279
0.163288
0.163307
0.163386
0.163570
0.163629
0.163779
0.163788
0.163829
0.164021
0.164431
0.164609
0.164642
0.164704
0.165001
0.165090
0.165177
0.165206
0.165440
0.165469
0.165497
0.165900
0.166014
0.166089
0.166205
0.166222
0.166270
0.166342
0.166542
0.166570
0.166855
0.167169
0.167364
0.167505
0.167867
0.167925
0.168060
0.168090
0.168188
0.168230
0.168239
0.168280
0.168363
0.168388
0.168434
0.168499
0.168545
0.168645
0.168704
0.169140
0.169361
0.169497
0.169537
0.169570
0.169602
0.169613
0.169626
0.169728
0.169763
0.169826
0.169826
0.169851
0.169857
0.169891
0.169977
0.169994
0.170047
0.170194
0.170241
0.170244
0.170368
0.170381
0.170403
0.170471
0.170480
0.170536
0.170586
0.170620
0.170736
0.170878
0.171030
0.171098
0.171204
0.171233
0.171541
0.171614
0.171625
0.171809
0.171815
0.171825
0.171973
0.172015
0.172223
0.172282
0.172395
0.172426
0.172684
0.172899
0.173183
0.173241
0.173244
0.173311
0.173316
0.173435
0.173478
0.173538
0.173544
0.173621
0.173678
0.173772
0.173772
0.173965
0.174046
0.174108
0.174131
0.174403
0.174440
0.174541
0.174707
0.174779
0.174823
0.174995
0.175101
0.175328
0.175340
0.175409
0.175618
0.175826
0.176056
0.176174
0.176266
0.176284
0.176308
0.176374
0.176518
0.176665
0.176747
0.176777
0.177182
0.177263
0.177290
0.177330
0.177356
0.177546
0.177565
0.178040
0.178042
0.178087
0.178114
0.178124
0.178283
0.178573
0.178640
0.178733
0.178883
0.178986
0.179036
0.179149
0.179157
0.179324
0.179524
0.179562
0.179577
0.179935
0.180042
0.180250
0.180373
0.180447
0.180667
0.180720
0.180784
0.180860
0.180982
0.181034
0.181038
0.181083
0.181262
0.181314
0.181316
0.181360
0.181448
0.181453
0.181831
0.181934
0.182000
0.182113
0.182160
0.182268
0.182495
0.182588
0.182667
0.182735
0.182743
0.182868
0.182876
0.183038
0.183097
0.183232
0.183272
0.183299
0.183304
0.183335
0.183396
0.183408
0.183479
0.183518
0.183784
0.183787
0.183913
0.183990
0.184128
0.184250
0.184280
0.184303
0.184420
0.184468
0.184573
0.184631
0.184661
0.184724
0.184792
0.184975
0.184989
0.185051
0.185086
0.185313
0.185388
0.185510
0.185581
0.185585
0.185737
0.185939
0.186334
0.186579
0.186586
0.186689
0.186717
0.186724
0.186816
0.186859
0.186871
0.186895
0.186969
0.187371
0.187372
0.187489
0.187653
0.187854
0.187858
0.187886
0.187889
0.188023
0.188126
0.188233
0.188249
0.188253
0.188374
0.188620
0.188644
0.188861
0.188983
0.189255
0.189258
0.189286
0.189323
0.189418
0.189502
0.189516
0.189519
0.189868
0.189917
0.190188
0.190199
0.190278
0.190475
0.190518
0.190707
0.190722
0.190773
0.190922
0.191020
0.191461
0.191486
0.191530
0.191623
0.191649
0.191654
0.191744
0.191839
0.191894
0.191908
0.191949
0.191970
0.192061
0.192113
0.192284
0.192347
0.192762
0.192764
0.192848
0.192885
0.192940
0.192999
0.193128
0.193223
0.193389
0.193480
0.193674
0.193723
0.193736
0.193894
0.194115
0.194133
0.194375
0.194708
0.194940
0.194967
0.195095
0.195122
0.195227
0.195249
0.195276
0.195331
0.195334
0.195364
0.195500
0.195519
0.195582
0.195646
0.195757
0.195816
0.195843
0.195876
0.196245
0.196464
0.196718
0.196745
0.196901
0.196921
0.196977
0.197068
0.197305
0.197412
0.197421
0.197431
0.197494
0.197637
0.197689
0.197805
0.197923
0.198011
0.198301
0.198307
0.198313
0.198429
0.198431
0.198595
0.198611
0.198643
0.198689
0.198694
0.198701
0.198776
0.198839
0.198853
0.198876
0.198923
0.198935
0.198966
0.199045
0.199079
0.199208
0.199352
0.199515
0.199631
0.199740
0.199794
0.200008
0.200073
0.200133
0.200188
0.200239
0.200459
0.200483
0.200548
0.200686
0.200868
0.201006
0.201058
0.201118
0.201234
0.201400
0.201504
0.201549
0.201641
0.201662
0.201666
0.201947
0.201954
0.202044
0.202062
0.202068
0.202099
0.202108
0.202355
0.202594
0.202653
0.203047
0.203225
0.203225
0.203356
0.203470
0.203487
0.203769
0.203777
0.203799
0.203851
0.203928
0.204045
0.204045
0.204221
0.204268
0.204325
0.204342
0.204360
0.204378
0.204390
0.204419
0.204482
0.204564
0.204599
0.204675
0.204718
0.204765
0.204850
0.205137
0.205196
0.205318
0.205421
0.205439
0.205525
0.205528
0.205563
0.205619
0.205666
0.206106
0.206256
0.206427
0.206429
0.206480
0.206519
0.206532
0.206598
0.206750
0.207003
0.207075
0.207179
0.207264
0.207391
0.207424
0.207596
0.207686
0.207758
0.207810
0.207916
0.208042
0.208090
0.208199
0.208282
0.208675
0.208832
0.208919
0.209056
0.209075
0.209090
0.209115
0.209173
0.209217
0.209228
0.209258
0.209623
0.209664
0.209805
0.209864
0.209952
0.209962
0.210288
0.210359
0.210523
0.210617
0.210728
0.210753
0.210828
0.210968
0.210999
0.211004
0.211108
0.211121
0.211195
0.211301
0.211303
0.211323
0.211385
0.211418
0.211445
0.211447
0.211459
0.211710
0.211725
0.211738
0.211832
0.211852
0.212236
0.212250
0.212298
0.212324
0.212400
0.212445
0.212531
0.212597
0.212704
0.212790
0.212808
0.212827
0.212846
0.212849
0.212851
0.212937
0.213245
0.213326
0.213366
0.213371
0.213596
0.213690
0.213769
0.213790
0.213925
0.214098
0.214123
0.214139
0.214312
0.214391
0.214477
0.214499
0.214504
0.214511
0.214587
0.214738
0.214870
0.215001
0.215069
0.215122
0.215178
0.215199
0.215368
0.215390
0.215548
0.215610
0.215736
0.215817
0.215844
0.215894
0.215993
0.216136
0.216559
0.216592
0.216718
0.216994
0.217229
0.217250
0.217441
0.217527
0.217620
0.217629
0.217663
0.217722
0.217875
0.217884
0.218195
0.218266
0.218268
0.218285
0.218307
0.218330
0.218492
0.218731
0.218759
0.218793
0.218824
0.219189
0.219203
0.219298
0.219705
0.220068
0.220108
0.220158
0.220195
0.220260
0.220405
0.220443
0.220559
0.220649
0.220717
0.220878
0.220969
0.221242
0.221452
0.221512
0.221544
0.221891
0.222286
0.222366
0.222388
0.222407
0.222458
0.222475
0.222487
0.222552
0.222591
0.222763
0.222780
0.222814
0.222874
0.222876
0.223115
0.223235
0.223449
0.223500
0.223680
0.223848
0.223866
0.223973
0.223999
0.224006
0.224310
0.224378
0.224382
0.224408
0.224486
0.224569
0.224619
0.224730
0.224847
0.224904
0.224998
0.225038
0.225116
0.225133
0.225159
0.225162
0.225183
0.225210
0.225352
0.225553
0.225587
0.225595
0.225642
0.225832
0.225905
0.225960
0.226062
0.226078
0.226126
0.226276
0.226313
0.226337
0.226410
0.226483
0.226669
0.226743
0.226754
0.227175
0.227211
0.227247
0.227413
0.227416
0.227432
0.227797
0.227903
0.228077
0.228181
0.228545
0.228812
0.228881
0.229174
0.229239
0.229263
0.229289
0.229306
0.229310
0.229319
0.229415
0.229439
0.229544
0.229573
0.229604
0.229628
0.229638
0.229750
0.229928
0.230084
0.230094
0.230155
0.230210
0.230270
0.230386
0.230405
0.230537
0.230578
0.230689
0.230761
0.231046
0.231476
0.231621
0.231752
0.231977
0.232140
0.232152
0.232198
0.232272
0.232828
0.232858
0.232938
0.232994
0.233061
0.233484
0.233570
0.233746
0.233748
0.233946
0.233984
0.234097
0.234710
0.234720
0.234815
0.234825
0.234874
0.235085
0.235111
0.235180
0.235290
0.235455
0.235497
0.235614
0.235647
0.235755
0.235849
0.235854
0.235863
0.235957
0.236057
0.236306
0.236317
0.236367
0.236459
0.236470
0.236814
0.236907
0.236907
0.236967
0.237104
0.237177
0.237252
0.237318
0.237380
0.237383
0.237419
0.237434
0.237448
0.237486
0.237514
0.237523
0.237579
0.237583
0.237603
0.237834
0.237851
0.238479
0.238486
0.238662
0.238696
0.238809
0.238851
0.238979
0.238980
0.238984
0.239417
0.239455
0.239811
0.239830
0.239880
0.240128
0.240209
0.240236
0.240256
0.240314
0.240447
0.240633
0.240649
0.240826
0.240868
0.240888
0.240985
0.241007
0.241127
0.241383
0.241409
0.241521
0.241835
0.241899
0.241938
0.242132
0.242240
0.242248
0.242549
0.242634
0.242991
0.243078
0.243150
0.243241
0.243287
0.243348
0.243370
0.243468
0.243735
0.243845
0.243871
0.243987
0.243998
0.244109
0.244144
0.244158
0.244170
0.244183
0.244306
0.244423
0.244428
0.244451
0.244607
0.244622
0.244723
0.244727
0.244771
0.244773
0.244969
0.245161
0.245340
0.245781
0.245963
0.246120
0.246147
0.246281
0.246553
0.246602
0.246865
0.246951
0.247252
0.247456
0.247563
0.247595
0.247656
0.247669
0.247670
0.247683
0.247864
0.247995
0.248531
0.248715
0.248916
0.249053
0.249103
0.249236
0.249277
0.249353
0.249407
0.249677
0.249728
0.249856
0.249869
0.249871
0.249907
0.249950
0.249952
0.249994
0.250016
0.250162
0.250611
0.250697
0.250750
0.250891
0.251122
0.251204
0.251242
0.251259
0.251297
0.251333
0.251644
0.251652
0.251775
0.251797
0.251891
0.251940
0.252133
0.252174
0.252420
0.252604
0.252605
0.252617
0.252649
0.252678
0.252727
0.252729
0.252779
0.252786
0.253159
0.253258
0.253277
0.253324
0.253344
0.253403
0.253431
0.253613
0.253729
0.253806
0.253859
0.253862
0.253879
0.254051
0.254091
0.254471
0.254479
0.254491
0.254580
0.254650
0.254765
0.254848
0.254918
0.254957
0.254959
0.255024
0.255114
0.255189
0.255207
0.255308
0.255400
0.255551
0.255583
0.255657
0.256123
0.256291
0.256409
0.256519
0.256538
0.256750
0.256933
0.256935
0.256975
0.256997
0.257078
0.257154
0.257183
0.257211
0.257237
0.257335
0.257345
0.257464
0.257551
0.257660
0.257671
0.257738
0.257805
0.258197
0.258224
0.258377
0.258403
0.258425
0.258487
0.258520
0.258547
0.258761
0.258780
0.258831
0.258974
0.258977
0.259002
0.259008
0.259177
0.259652
0.259692
0.259713
0.259763
0.259787
0.259940
0.260056
0.260086
0.260102
0.260239
0.260259
0.260270
0.260284
0.260335
0.260368
0.260435
0.260483
0.260580
0.260680
0.260700
0.260734
0.260794
0.260853
0.261039
0.261264
0.261318
0.261386
0.261406
0.261406
0.261744
0.261810
0.262000
0.262009
0.262042
0.262058
0.262078
0.262134
0.262227
0.262361
0.262407
0.262650
0.262786
0.262796
0.263135
0.263313
0.263625
0.263786
0.263835
0.263874
0.263987
0.263997
0.264059
0.264086
0.264110
0.264181
0.264225
0.264228
0.264466
0.264487
0.264582
0.264648
0.264707
0.264709
0.264823
0.264862
0.264868
0.265063
0.265078
0.265084
0.265124
0.265249
0.265251
0.265256
0.265399
0.265499
0.265518
0.265523
0.265579
0.265658
0.265685
0.265757
0.265858
0.266104
0.266140
0.266195
0.266404
0.266430
0.266492
0.266582
0.266615
0.266649
0.266819
0.266969
0.267346
0.267418
0.267565
0.267586
0.267866
0.267867
0.268151
0.268216
0.268240
0.268296
0.268327
0.268408
0.268429
0.268472
0.268582
0.268585
0.268771
0.269057
0.269205
0.269250
0.269547
0.269580
0.269595
0.269693
0.269785
0.270086
0.270665
0.270738
0.270757
0.270774
0.270861
0.270948
0.271138
0.271182
0.271209
0.271237
0.271242
0.271256
0.271369
0.271389
0.271467
0.271472
0.271586
0.271592
0.271774
0.271926
0.271983
0.272002
0.272094
0.272147
0.272411
0.272677
0.272689
0.272944
0.272947
0.272969
0.273005
0.273094
0.273218
0.273259
0.273406
0.273536
0.273662
0.273676
0.274368
0.274472
0.274550
0.274551
0.274560
0.274569
0.274597
0.274629
0.275000
0.275090
0.275629
0.275788
0.276031
0.276148
0.276402
0.276450
0.276458
0.276826
0.276887
0.276904
0.277320
0.277400
0.277423
0.277550
0.277746
0.277775
0.277786
0.278150
0.278637
0.278768
0.278814
0.278831
0.278860
0.278870
0.278906
0.278922
0.279169
0.279177
0.279251
0.279306
0.279334
0.279440
0.279586
0.279824
0.279854
0.280118
0.280184
0.280285
0.280355
0.280436
0.280506
0.280574
0.280888
0.280967
0.281090
0.281157
0.281309
0.281342
0.281513
0.281526
0.281538
0.281625
0.281633
0.281904
0.281916
0.281930
0.282049
0.282101
0.282134
0.282392
0.282674
0.283083
0.283161
0.283210
0.283216
0.283307
0.283606
0.283949
0.284010
0.284056
0.284069
0.284077
0.284117
0.284122
0.284218
0.284279
0.284401
0.284500
0.284547
0.284603
0.284612
0.285265
0.285304
0.285318
0.285444
0.285646
0.285718
0.285868
0.286206
0.286483
0.286578
0.286789
0.286872
0.286894
0.286909
0.286916
0.287125
0.287232
0.287331
0.287407
0.287414
0.287504
0.287605
0.287680
0.287738
0.287768
0.287793
0.287861
0.287955
0.287957
0.288039
0.288071
0.288329
0.288345
0.288375
0.288420
0.288468
0.288566
0.288980
0.289029
0.289109
0.289127
0.289561
0.289652
0.289734
0.289771
0.289966
0.290108
0.290227
0.290268
0.290272
0.290275
0.290301
0.290354
0.290380
0.290403
0.290646
0.290646
0.290683
0.290822
0.290865
0.290888
0.290913
0.291104
0.291106
0.291503
0.291635
0.291736
0.291772
0.291920
0.291976
0.291990
0.291994
0.292043
0.292144
0.292195
0.292431
0.292536
0.292573
0.292698
0.292848
0.292932
0.292936
0.292978
0.293108
0.293109
0.293263
0.293327
0.293442
0.293449
0.293585
0.293796
0.293819
0.293826
0.293903
0.293960
0.293961
0.294116
0.294174
0.294210
0.294274
0.294318
0.294397
0.294459
0.294567
0.294766
0.294778
0.294833
0.294953
0.295191
0.295223
0.295310
0.295357
0.295493
0.295505
0.295791
0.295814
0.295875
0.295918
0.295930
0.295962
0.295996
0.296208
0.296499
0.296530
0.296738
0.296976
0.297025
0.297117
0.297191
0.297207
0.297285
0.297328
0.297379
0.297393
0.297463
0.297594
0.297763
0.297786
0.297806
0.297852
0.297941
0.298067
0.298119
0.298238
0.298558
0.298700
0.298842
0.298920
0.299027
0.299186
0.299267
0.299268
0.299354
0.299433
0.299510
0.299525
0.299663
0.299691
0.299791
0.299815
0.299922
0.300018
0.300042
0.300180
0.300309
0.300582
0.300599
0.300613
0.300734
0.300810
0.300884
0.300899
0.300955
0.300967
0.301174
0.301200
0.301222
0.301246
0.301374
0.301480
0.301498
0.301531
0.301642
0.301668
0.301675
0.301855
0.301865
0.301895
0.301937
0.302048
0.302058
0.302081
0.302104
0.302159
0.302193
0.302255
0.302410
0.302494
0.302704
0.302724
0.302818
0.303061
0.303303
0.303307
0.303401
0.303428
0.303492
0.303494
0.303500
0.303699
0.303854
0.303932
0.304003
0.304102
0.304122
0.304192
0.304293
0.304338
0.304513
0.304529
0.304665
0.304675
0.304960
0.305009
0.305087
0.305287
0.305502
0.305629
0.305698
0.305743
0.305940
0.305968
0.306076
0.306253
0.306486
0.306532
0.306722
0.306756
0.306762
0.306835
0.306847
0.306883
0.306921
0.307011
0.307355
0.307364
0.307506
0.307583
0.308001
0.308146
0.308185
0.308335
0.308405
0.308439
0.308474
0.308489
0.308536
0.308716
0.309180
0.309199
0.309267
0.309283
0.309291
0.309341
0.309409
0.309718
0.310048
0.310116
0.310121
0.310218
0.310367
0.310910
0.310980
0.310997
0.311344
0.311376
0.311477
0.311539
0.311682
0.311768
0.311918
0.311959
0.311968
0.311986
0.312022
0.312041
0.312111
0.312199
0.312213
0.312475
0.312520
0.312524
0.312603
0.312615
0.312769
0.312973
0.313051
0.313198
0.313215
0.313291
0.313345
0.313393
0.313555
0.313710
0.313722
0.314191
0.314195
0.314416
0.314649
0.314758
0.314783
0.314955
0.315345
0.315572
0.315578
0.315726
0.315738
0.315879
0.315908
0.315951
0.316054
0.316245
0.316274
0.316284
0.316458
0.316550
0.316608
0.316874
0.316905
0.316947
0.316968
0.317045
0.317119
0.317196
0.317203
0.317396
0.317399
0.317572
0.317583
0.317639
0.317664
0.317797
0.317834
0.317998
0.318235
0.318334
0.318373
0.318441
0.318547
0.318550
0.318589
0.318723
0.319372
0.319453
0.319566
0.319605
0.319657
0.319676
0.319877
0.319999
0.320373
0.320388
0.320482
0.320502
0.320574
0.320640
0.320666
0.320792
0.320924
0.320998
0.321093
0.321113
0.321473
0.321719
0.321765
0.321844
0.321865
0.322048
0.322088
0.322387
0.322644
0.322682
0.322783
0.322836
0.322878
0.322927
0.322940
0.322993
0.323001
0.323074
0.323115
0.323212
0.323301
0.323354
0.323373
0.323464
0.323714
0.323728
0.323749
0.323824
0.323831
0.324034
0.324041
0.324046
0.324050
0.324237
0.324243
0.324401
0.324507
0.324611
0.324618
0.324743
0.324827
0.324898
0.325213
0.325279
0.325299
0.325447
0.325456
0.325472
0.325509
0.325550
0.325741
0.325775
0.326070
0.326074
0.326239
0.326302
0.326335
0.326490
0.326554
0.326636
0.326663
0.326966
0.326991
0.326993
0.327028
0.327058
0.327074
0.327077
0.327439
0.327483
0.327662
0.327940
0.327945
0.327945
0.327962
0.328026
0.328169
0.328312
0.328362
0.328613
0.328631
0.328737
0.328745
0.328907
0.328921
0.328936
0.328957
0.329045
0.329063
0.329090
0.329116
0.329223
0.329242
0.329410
0.329454
0.329589
0.329688
0.329880
0.330072
0.330075
0.330156
0.330260
0.330268
0.330464
0.330502
0.330623
0.330727
0.330790
0.330829
0.330860
0.330888
0.330896
0.330897
0.330985
0.331071
0.331254
0.331477
0.331549
0.331848
0.331852
0.331958
0.331964
0.332132
0.332161
0.332273
0.332549
0.332590
0.332802
0.332880
0.333032
0.333126
0.333367
0.333384
0.333467
0.333492
0.333534
0.333593
0.333645
0.333677
0.333748
0.333830
0.333967
0.334065
0.334247
0.334337
0.334411
0.334473
0.334504
0.334584
0.334759
0.334909
0.334983
0.335090
0.335220
0.335359
0.335396
0.335435
0.335435
0.335471
0.335610
0.336046
0.336117
0.336232
0.336284
0.336423
0.336574
0.336763
0.337001
0.337025
0.337057
0.337094
0.337122
0.337207
0.337312
0.337318
0.337389
0.337404
0.337485
0.337535
0.337546
0.337695
0.337740
0.337750
0.337774
0.337784
0.337886
0.337921
0.338072
0.338079
0.338167
0.338324
0.338506
0.338631
0.338646
0.338650
0.338821
0.338824
0.338846
0.338871
0.338883
0.339090
0.339091
0.339192
0.339324
0.339324
0.339388
0.339495
0.339607
0.339673
0.339730
0.340151
0.340212
0.340233
0.340290
0.340729
0.341032
0.341132
0.341182
0.341188
0.341216
0.341234
0.341271
0.341275
0.341285
0.341293
0.341352
0.341473
0.341580
0.341767
0.341936
0.341991
0.342142
0.342162
0.342330
0.342449
0.342500
0.342648
0.342905
0.343391
0.343501
0.343582
0.343707
0.343730
0.343815
0.343958
0.344171
0.344178
0.344224
0.344317
0.344620
0.344639
0.344766
0.344782
0.344928
0.345144
0.345194
0.345237
0.345444
0.345495
0.345679
0.345774
0.346059
0.346102
0.346166
0.346364
0.346426
0.346448
0.346477
0.346593
0.346684
0.346716
0.346733
0.346891
0.346906
0.346909
0.346932
0.347095
0.347096
0.347174
0.347439
0.347473
0.347669
0.347715
0.347808
0.347919
0.348015
0.348037
0.348118
0.348168
0.348214
0.348279
0.348428
0.348494
0.348599
0.348695
0.348835
0.348862
0.349000
0.349148
0.349188
0.349566
0.349725
0.349750
0.349759
0.349775
0.349884
0.350148
0.350253
0.350262
0.350321
0.350366
0.350513
0.350562
0.350620
0.350680
0.350813
0.350851
0.350854
0.350913
0.350984
0.351068
0.351070
0.351074
0.351218
0.351587
0.351591
0.351891
0.351926
0.351958
0.352126
0.352226
0.352425
0.352468
0.352488
0.352576
0.352700
0.352743
0.352788
0.352859
0.352885
0.352966
0.352983
0.353021
0.353126
0.353222
0.353510
0.353665
0.353757
0.353859
0.353942
0.354006
0.354343
0.354421
0.354501
0.354579
0.354725
0.354728
0.354729
0.354753
0.354788
0.354801
0.355011
0.355073
0.355248
0.355315
0.355348
0.355441
0.355583
0.355813
0.356163
0.356235
0.356498
0.356713
0.356791
0.356882
0.357018
0.357349
0.357558
0.357560
0.357578
0.357683
0.357895
0.357931
0.358121
0.358283
0.358319
0.358363
0.358373
0.358474
0.358618
0.358681
0.358746
0.358769
0.358862
0.358870
0.358890
0.359016
0.359077
0.359166
0.359343
0.359354
0.359408
0.359709
0.359759
0.359825
0.359994
0.360128
0.360138
0.360282
0.360289
0.360307
0.360347
0.360391
0.360443
0.360578
0.360612
0.360614
0.360689
0.360806
0.360862
0.361039
0.361046
0.361236
0.361346
0.361399
0.361401
0.361582
0.361589
0.361599
0.361622
0.361644
0.361670
0.361849
0.361986
0.362034
0.362035
0.362067
0.362139
0.362271
0.362287
0.362665
0.363117
0.363125
0.363178
0.363180
0.363591
0.363632
0.363637
0.363726
0.363809
0.364119
0.364349
0.364391
0.364463
0.364525
0.364536
0.364604
0.364694
0.364881
0.364919
0.364920
0.365111
0.365131
0.365172
0.365211
0.365246
0.365293
0.365615
0.365678
0.365856
0.365874
0.366061
0.366124
0.366206
0.366879
0.366936
0.366956
0.366965
0.367019
0.367149
0.367181
0.367425
0.367427
0.367458
0.367523
0.367662
0.367833
0.367861
0.367899
0.367923
0.368039
0.368154
0.368189
0.368267
0.368455
0.368475
0.368586
0.368778
0.368806
0.368830
0.368901
0.368975
0.369064
0.369232
0.369249
0.369782
0.369806
0.369894
0.369902
0.369989
0.370268
0.370328
0.370409
0.370414
0.370570
0.370782
0.370935
0.370989
0.371162
0.371324
0.371339
0.371678
0.371833
0.371903
0.371919
0.371923
0.372020
0.372068
0.372069
0.372122
0.372198
0.372206
0.372684
0.372698
0.373165
0.373269
0.373284
0.373460
0.373514
0.373526
0.373610
0.373695
0.373767
0.373883
0.373947
0.373985
0.374129
0.374273
0.374430
0.374454
0.374537
0.374541
0.374550
0.374562
0.374627
0.374754
0.374786
0.374810
0.375160
0.375406
0.375554
0.375647
0.375915
0.375915
0.375927
0.376206
0.376249
0.376267
0.376276
0.376308
0.376420
0.376844
0.376936
0.377031
0.377047
0.377112
0.377119
0.377121
0.377212
0.377255
0.377263
0.377287
0.377318
0.377363
0.377934
0.378155
0.378246
0.378289
0.378382
0.378388
0.378397
0.378769
0.378926
0.378950
0.379085
0.379225
0.379370
0.379687
0.379695
0.379843
0.379846
0.379848
0.380070
0.380279
0.380287
0.380412
0.380656
0.380758
0.380782
0.380788
0.380819
0.380837
0.380922
0.380989
0.381005
0.381389
0.381392
0.381677
0.381744
0.381990
0.382061
0.382125
0.382127
0.382202
0.382268
0.382303
0.382424
0.382624
0.382797
0.382890
0.383195
0.383299
0.383308
0.383460
0.383498
0.383506
0.383519
0.383673
0.383835
0.384012
0.384063
0.384075
0.384122
0.384263
0.384387
0.384423
0.384473
0.384591
0.384657
0.385077
0.385305
0.385544
0.385613
0.385664
0.385710
0.385811
0.385817
0.385820
0.385837
0.385907
0.385942
0.385984
0.386084
0.386104
0.386124
0.386203
0.386365
0.386398
0.386549
0.386552
0.386589
0.386638
0.386651
0.386703
0.386815
0.386836
0.387039
0.387142
0.387366
0.387428
0.387439
0.387646
0.387703
0.387747
0.387830
0.388012
0.388048
0.388131
0.388132
0.388207
0.388331
0.388454
0.388682
0.388717
0.388745
0.388818
0.388853
0.389368
0.389524
0.389550
0.389639
0.389678
0.389788
0.389847
0.389970
0.390074
0.390114
0.390203
0.390307
0.390359
0.390659
0.390748
0.390984
0.390999
0.391031
0.391126
0.391148
0.391177
0.391247
0.391352
0.391473
0.391593
0.391660
0.391869
0.391886
0.391888
0.391967
0.392170
0.392203
0.392370
0.392455
0.392621
0.392663
0.392861
0.393166
0.393228
0.393443
0.393458
0.393475
0.393556
0.393618
0.393682
0.393686
0.393780
0.393980
0.394105
0.394379
0.394398
0.394410
0.394430
0.394440
0.394603
0.394691
0.394731
0.394753
0.394814
0.395323
0.395567
0.395616
0.395628
0.396051
0.396124
0.396167
0.396314
0.396365
0.396373
0.396468
0.396662
0.396769
0.396809
0.396991
0.397013
0.397044
0.397119
0.397174
0.397249
0.397533
0.397621
0.397671
0.397716
0.397794
0.397817
0.397825
0.397825
0.397834
0.398226
0.398239
0.398245
0.398276
0.398285
0.398618
0.398636
0.398680
0.398747
0.398828
0.398859
0.398972
0.399006
0.399047
0.399261
0.399288
0.399362
0.399490
0.399832
0.399871
0.399878
0.399895
0.400086
0.400116
0.400384
0.400395
0.400414
0.400474
0.400797
0.400892
0.401102
0.401223
0.401317
0.401353
0.401759
0.402163
0.402237
0.402284
0.402302
0.402549
0.402777
0.402835
0.403023
0.403378
0.403392
0.403564
0.403970
0.404011
0.404021
0.404022
0.404097
0.404170
0.404193
0.404426
0.404473
0.404568
0.404600
0.404661
0.404728
0.404745
0.404885
0.404940
0.405058
0.405069
0.405206
0.405268
0.405417
0.405561
0.405683
0.405787
0.406030
0.406236
0.406244
0.406275
0.406322
0.406397
0.406415
0.406578
0.406579
0.406608
0.406669
0.406770
0.406801
0.406813
0.406916
0.406929
0.406944
0.407124
0.407248
0.407438
0.407553
0.407563
0.407630
0.407665
0.407740
0.407822
0.407876
0.407912
0.407966
0.408008
0.408018
0.408087
0.408097
0.408165
0.408457
0.408509
0.408580
0.408614
0.408745
0.408867
0.409138
0.409145
0.409243
0.409615
0.409667
0.409990
0.409992
0.410057
0.410313
0.410376
0.410388
0.410654
0.410686
0.410760
0.410767
0.410774
0.410907
0.411064
0.411347
0.411364
0.411718
0.411810
0.411873
0.411891
0.411916
0.411919
0.411922
0.412043
0.412161
0.412187
0.412236
0.412462
0.412498
0.412547
0.412619
0.412649
0.412746
0.413129
0.413297
0.413413
0.413559
0.413706
0.413834
0.413851
0.413950
0.413960
0.414028
0.414163
0.414172
0.414386
0.414495
0.414545
0.414591
0.414732
0.414992
0.415048
0.415305
0.415309
0.415515
0.415607
0.415755
0.415766
0.415777
0.415861
0.415973
0.416027
0.416087
0.416105
0.416140
0.416152
0.416303
0.416320
0.416538
0.416699
0.416700
0.416720
0.417018
0.417355
0.417642
0.417653
0.417688
0.417689
0.417699
0.417807
0.418023
0.418192
0.418389
0.418599
0.418632
0.418651
0.418887
0.418983
0.419121
0.419433
0.419457
0.419460
0.419466
0.419495
0.419632
0.419687
0.419732
0.419823
0.419897
0.420007
0.420063
0.420149
0.420149
0.420205
0.420222
0.420232
0.420280
0.420688
0.420700
0.420751
0.420887
0.421085
0.421091
0.421159
0.421498
0.421552
0.421930
0.421969
0.422052
0.422104
0.422273
0.422300
0.422421
0.422516
0.422821
0.422843
0.422877
0.422977
0.423040
0.423052
0.423250
0.423272
0.423319
0.423520
0.423535
0.423696
0.423870
0.424077
0.424320
0.424369
0.424429
0.424506
0.424749
0.425339
0.425419
0.425420
0.425490
0.426043
0.426063
0.426064
0.426190
0.426373
0.426373
0.426481
0.426569
0.426638
0.426666
0.426711
0.426776
0.426845
0.426970
0.427031
0.427161
0.427416
0.427522
0.427533
0.427901
0.428006
0.428017
0.428096
0.428257
0.428261
0.428396
0.428663
0.428690
0.428731
0.428923
0.428960
0.429008
0.429059
0.429122
0.429157
0.429179
0.429294
0.429631
0.429717
0.429811
0.429879
0.429899
0.430081
0.430280
0.430364
0.430373
0.430499
0.430524
0.430939
0.431068
0.431260
0.431348
0.431396
0.431606
0.431744
0.431815
0.431863
0.432271
0.432518
0.432559
0.432622
0.432894
0.433161
0.433213
0.433330
0.433360
0.433425
0.433650
0.433690
0.433745
0.433771
0.433952
0.433981
0.434002
0.434159
0.434272
0.434280
0.434345
0.434630
0.434670
0.434870
0.434994
0.435020
0.435077
0.435082
0.435227
0.435236
0.435274
0.435309
0.435632
0.435732
0.435782
0.436042
0.436233
0.436262
0.436270
0.436275
0.436383
0.436516
0.436565
0.436652
0.436666
0.436744
0.437449
0.437491
0.437539
0.437549
0.437807
0.437997
0.438000
0.438177
0.438262
0.438297
0.438330
0.438393
0.438507
0.438549
0.438706
0.438773
0.438933
0.438945
0.439002
0.439143
0.439350
0.439357
0.439447
0.439451
0.439470
0.439491
0.439709
0.439740
0.439806
0.439843
0.439878
0.440299
0.440306
0.440354
0.440384
0.440499
0.440677
0.440683
0.440859
0.441060
0.441161
0.441169
0.441203
0.441336
0.441469
0.441961
0.442108
0.442204
0.442257
0.442267
0.442332
0.442356
0.442477
0.442668
0.442749
0.442811
0.442921
0.442945
0.442952
0.443204
0.443457
0.443520
0.444040
0.444198
0.444267
0.444289
0.444321
0.444369
0.444481
0.444505
0.444528
0.444692
0.444939
0.444951
0.444989
0.445042
0.445083
0.445249
0.445251
0.445424
0.445575
0.445736
0.445753
0.445756
0.445791
0.445814
0.445844
0.445878
0.446034
0.446294
0.446366
0.446609
0.446767
0.446954
0.446998
0.447024
0.447164
0.447217
0.447356
0.447411
0.447471
0.447541
0.447568
0.447642
0.447749
0.447883
0.447884
0.448055
0.448088
0.448221
0.448257
0.448330
0.448343
0.448420
0.448576
0.448647
0.448736
0.448836
0.448872
0.448954
0.448980
0.449121
0.449207
0.449227
0.449274
0.449425
0.449535
0.449537
0.449779
0.449843
0.450024
0.450124
0.450232
0.450267
0.450540
0.450635
0.450729
0.450995
0.451064
0.451076
0.451268
0.451335
0.451390
0.451403
0.451516
0.451718
0.451855
0.451936
0.452000
0.452006
0.452015
0.452064
0.452093
0.452140
0.452160
0.452298
0.452384
0.452517
0.452583
0.452652
0.453049
0.453111
0.453145
0.453246
0.453418
0.453468
0.453503
0.453545
0.453602
0.453615
0.454129
0.454192
0.454192
0.454209
0.454344
0.454356
0.454427
0.454512
0.454751
0.454785
0.454786
0.454971
0.455083
0.455163
0.455229
0.455430
0.455522
0.455610
0.455702
0.455731
0.455817
0.455899
0.456165
0.456316
0.456427
0.456443
0.456464
0.456795
0.456897
0.457038
0.457040
0.457088
0.457112
0.457200
0.457312
0.457512
0.457706
0.458061
0.458137
0.458204
0.458228
0.458391
0.458516
0.458595
0.458602
0.458741
0.458865
0.458931
0.459081
0.459354
0.459430
0.459453
0.459459
0.459469
0.459546
0.459661
0.459735
0.459772
0.459814
0.459885
0.459908
0.459913
0.459927
0.459935
0.459997
0.460033
0.460074
0.460079
0.460120
0.460142
0.460232
0.460278
0.460437
0.460453
0.460482
0.460516
0.460551
0.460634
0.460683
0.460791
0.460871
0.460882
0.460916
0.460968
0.461510
0.461569
0.461861
0.461919
0.462082
0.462249
0.462353
0.462413
0.462721
0.462761
0.462780
0.462784
0.462829
0.462831
0.462925
0.463112
0.463156
0.463292
0.463360
0.463533
0.463594
0.463685
0.463711
0.463903
0.463946
0.464100
0.464156
0.464378
0.464480
0.464486
0.464568
0.464609
0.464619
0.464717
0.464745
0.464765
0.464804
0.464916
0.464956
0.465088
0.465115
0.465362
0.465713
0.465858
0.465962
0.466036
0.466063
0.466116
0.466173
0.466220
0.466299
0.466468
0.466529
0.466663
0.466689
0.466770
0.466778
0.466850
0.467081
0.467134
0.467175
0.467233
0.467421
0.467453
0.467566
0.468021
0.468150
0.468231
0.468245
0.468403
0.468468
0.468575
0.468635
0.468738
0.468995
0.469045
0.469316
0.469350
0.469400
0.469414
0.469423
0.469473
0.469632
0.469890
0.469917
0.469934
0.469958
0.469983
0.470028
0.470082
0.470212
0.470226
0.470364
0.470443
0.470449
0.470668
0.470762
0.470827
0.470874
0.471191
0.471325
0.471343
0.471560
0.471620
0.471711
0.471781
0.471811
0.471948
0.471949
0.472039
0.472051
0.472188
0.472213
0.472496
0.472517
0.472569
0.472609
0.472628
0.472861
0.472952
0.472975
0.473005
0.473138
0.473240
0.473319
0.473585
0.473594
0.473646
0.473938
0.474245
0.474416
0.474508
0.474540
0.474805
0.474921
0.474940
0.475104
0.475406
0.475423
0.475513
0.475549
0.475569
0.475746
0.475886
0.475914
0.476167
0.476210
0.476481
0.476519
0.476521
0.476832
0.476915
0.476924
0.476937
0.477123
0.477140
0.477248
0.477345
0.477370
0.477561
0.477761
0.477774
0.477833
0.478189
0.478280
0.478315
0.478647
0.478678
0.478682
0.478824
0.479028
0.479052
0.479316
0.479380
0.479492
0.479503
0.479520
0.479531
0.479753
0.479885
0.480018
0.480040
0.480376
0.480614
0.480680
0.480845
0.480932
0.480965
0.480970
0.481043
0.481085
0.481115
0.481275
0.481296
0.481395
0.481554
0.481656
0.481716
0.481766
0.482177
0.482343
0.482494
0.483127
0.483220
0.483222
0.483354
0.483389
0.483535
0.483537
0.483733
0.483938
0.483964
0.484240
0.484269
0.484549
0.484598
0.484606
0.484642
0.484694
0.484710
0.484829
0.484918
0.485084
0.485135
0.485201
0.485207
0.485407
0.485818
0.485919
0.486088
0.486189
0.486378
0.486475
0.486501
0.486516
0.486523
0.486569
0.486571
0.486579
0.486612
0.486731
0.486759
0.486815
0.486826
0.487430
0.487456
0.487574
0.487657
0.487728
0.487892
0.487917
0.487935
0.487948
0.488060
0.488098
0.488140
0.488240
0.488774
0.488829
0.488876
0.488900
0.488944
0.488981
0.489005
0.489075
0.489088
0.489110
0.489249
0.489265
0.489301
0.489394
0.489435
0.489588
0.489725
0.489948
0.490029
0.490167
0.490231
0.490678
0.490761
0.490919
0.491140
0.491224
0.491233
0.491456
0.491473
0.491556
0.491637
0.491733
0.491928
0.491934
0.492200
0.492294
0.492848
0.492925
0.492939
0.492942
0.492990
0.493094
0.493184
0.493279
0.493361
0.493412
0.493438
0.493632
0.493731
0.494029
0.494044
0.494085
0.494124
0.494172
0.494271
0.494310
0.494339
0.494500
0.494526
0.494600
0.494707
0.494741
0.494763
0.494781
0.494879
0.494970
0.495009
0.495239
0.495278
0.495416
0.495483
0.495789
0.495844
0.495848
0.495856
0.495930
0.495996
0.496217
0.496392
0.496406
0.496545
0.496847
0.496886
0.496901
0.496955
0.497115
0.497316
0.497344
0.497411
0.497445
0.497538
0.497565
0.497688
0.497703
0.498006
0.498401
0.498555
0.498602
0.498706
0.498829
0.499212
0.499306
0.499367
0.499413
0.499413
0.499580
0.499615
0.499621
0.499624
0.499645
0.499830
0.499864
0.499874
0.499901
0.499944
0.499998
0.500020
0.500053
0.500233
0.500291
0.500367
0.500486
0.500510
0.500586
0.500902
0.500988
0.501024
0.501042
0.501051
0.501153
0.501374
0.501414
0.501601
0.501672
0.501725
0.501764
0.501907
0.501953
0.502079
0.502224
0.502418
0.502634
0.502763
0.502912
0.503025
0.503134
0.503154
0.503277
0.503318
0.503403
0.503545
0.503627
0.503773
0.503879
0.503952
0.503957
0.503970
0.504297
0.504338
0.504388
0.504656
0.504897
0.504901
0.505139
0.505177
0.505215
0.505246
0.505307
0.505402
0.505417
0.505449
0.505458
0.505699
0.505984
0.506111
0.506245
0.506273
0.506307
0.506464
0.506559
0.506719
0.506874
0.506905
0.506943
0.507034
0.507054
0.507085
0.507313
0.507319
0.507383
0.507468
0.507561
0.507595
0.507757
0.507799
0.507902
0.507921
0.507928
0.508160
0.508417
0.508916
0.508984
0.509233
0.509348
0.509406
0.509477
0.509509
0.509578
0.509620
0.509778
0.510020
0.510093
0.510273
0.510434
0.510542
0.510573
0.510900
0.510989
0.511150
0.511216
0.511264
0.511292
0.511339
0.511375
0.511466
0.511472
0.511490
0.511609
0.511646
0.511969
0.512290
0.512523
0.512571
0.512707
0.512907
0.512962
0.513030
0.513057
0.513114
0.513128
0.513138
0.513331
0.513332
0.513575
0.513633
0.513707
0.513712
0.514014
0.514538
0.514549
0.514556
0.514675
0.514733
0.514796
0.514860
0.514935
0.515082
0.515094
0.515286
0.515298
0.515729
0.515909
0.516120
0.516196
0.516413
0.516417
0.516548
0.516583
0.516607
0.516619
0.516688
0.516803
0.516868
0.517005
0.517211
0.517215
0.517321
0.517325
0.517344
0.517348
0.517407
0.517712
0.517924
0.517938
0.517949
0.518096
0.518127
0.518476
0.518524
0.518644
0.518678
0.518694
0.518741
0.518852
0.518900
0.518944
0.518955
0.519689
0.519785
0.520038
0.520160
0.520284
0.520340
0.520409
0.520430
0.520454
0.520501
0.520575
0.520724
0.520754
0.520818
0.520891
0.520951
0.521259
0.521371
0.521549
0.521579
0.521618
0.521624
0.521630
0.522008
0.522033
0.522045
0.522097
0.522198
0.522319
0.522409
0.522470
0.522579
0.522654
0.522717
0.522866
0.522889
0.522962
0.522964
0.523021
0.523082
0.523284
0.523501
0.523603
0.523610
0.523688
0.523869
0.524048
0.524057
0.524078
0.524140
0.524680
0.524726
0.524746
0.524768
0.524802
0.524804
0.524897
0.525133
0.525158
0.525304
0.525521
0.525569
0.525612
0.525649
0.525724
0.525749
0.525870
0.525926
0.525983
0.525999
0.526125
0.526277
0.526279
0.526413
0.526466
0.526484
0.526491
0.526639
0.526652
0.526801
0.527143
0.527234
0.527273
0.527359
0.527397
0.528146
0.528272
0.528319
0.528359
0.528592
0.528675
0.528857
0.528935
0.529150
0.529281
0.529391
0.529426
0.529460
0.529757
0.529861
0.529912
0.530171
0.530202
0.530398
0.530450
0.530455
0.530809
0.530881
0.530963
0.530981
0.531118
0.531175
0.531214
0.531227
0.531524
0.531574
0.531577
0.531652
0.531701
0.531887
0.531988
0.532232
0.532240
0.532283
0.532300
0.532385
0.532606
0.532749
0.532990
0.533192
0.533215
0.533565
0.533614
0.533818
0.533998
0.534027
0.534123
0.534153
0.534179
0.534264
0.534360
0.534508
0.534513
0.534520
0.534645
0.534761
0.534815
0.534830
0.534858
0.534898
0.534943
0.534971
0.535010
0.535343
0.535354
0.535419
0.535516
0.535691
0.535974
0.536002
0.536028
0.536101
0.536355
0.536589
0.536655
0.536674
0.536713
0.536940
0.537136
0.537254
0.537326
0.537337
0.537589
0.537623
0.537626
0.537681
0.537686
0.537746
0.537771
0.537847
0.537868
0.537883
0.538234
0.538369
0.538422
0.538455
0.538543
0.538622
0.538623
0.538654
0.538876
0.538876
0.538882
0.538921
0.538941
0.539030
0.539115
0.539115
0.539351
0.539403
0.539462
0.539571
0.539649
0.539762
0.539800
0.539949
0.540096
0.540116
0.540231
0.540363
0.540457
0.540540
0.540553
0.540558
0.540714
0.540900
0.541144
0.541157
0.541222
0.541435
0.541518
0.541635
0.541646
0.541752
0.541774
0.541783
0.541914
0.542300
0.542359
0.542397
0.542446
0.542565
0.542723
0.542749
0.542783
0.542783
0.542867
0.542987
0.543019
0.543036
0.543426
0.543443
0.543455
0.543487
0.543503
0.543678
0.543724
0.543813
0.543830
0.543855
0.543966
0.543966
0.543978
0.544064
0.544161
0.544210
0.544590
0.544653
0.544699
0.544748
0.544759
0.544808
0.544833
0.544974
0.545024
0.545092
0.545124
0.545205
0.545247
0.545381
0.545577
0.545815
0.545876
0.545913
0.545913
0.545925
0.546136
0.546172
0.546517
0.546637
0.546785
0.546807
0.546856
0.546885
0.546885
0.546983
0.547211
0.547299
0.547395
0.547470
0.547499
0.547565
0.547570
0.547615
0.547694
0.547695
0.547879
0.547955
0.547977
0.548183
0.548195
0.548200
0.548225
0.548374
0.548433
0.548617
0.548663
0.548752
0.548757
0.548849
0.548865
0.548912
0.548955
0.549187
0.549199
0.549207
0.549437
0.549546
0.549674
0.549817
0.549853
0.549934
0.549971
0.550043
0.550097
0.550235
0.550262
0.550467
0.550482
0.550501
0.550706
0.550938
0.551165
0.551165
0.551301
0.551652
0.551746
0.551819
0.551824
0.552263
0.552273
0.552293
0.552325
0.552381
0.552409
0.552748
0.552797
0.552822
0.552844
0.552955
0.552987
0.553152
0.553205
0.553426
0.553672
0.553910
0.553958
0.553996
0.554027
0.554137
0.554191
0.554218
0.554292
0.554294
0.554294
0.554297
0.554337
0.554414
0.554501
0.554520
0.554637
0.554658
0.554801
0.554984
0.555053
0.555178
0.555248
0.555456
0.555656
0.555824
0.555945
0.556060
0.556111
0.556115
0.556201
0.556512
0.556721
0.556798
0.556904
0.556928
0.557171
0.557183
0.557285
0.557304
0.557408
0.557433
0.557475
0.557519
0.557691
0.557755
0.557784
0.557791
0.557904
0.557987
0.558199
0.558385
0.558404
0.558534
0.558658
0.558662
0.558720
0.558761
0.558934
0.558971
0.558985
0.559086
0.559160
0.559289
0.559299
0.559311
0.559347
0.559434
0.559563
0.559581
0.559832
0.559891
0.559896
0.560008
0.560051
0.560154
0.560199
0.560282
0.560309
0.560358
0.560594
0.560602
0.560608
0.560739
0.560747
0.561012
0.561056
0.561196
0.561324
0.561454
0.561459
0.561626
0.561786
0.561855
0.561969
0.561974
0.562003
0.562076
0.562160
0.562179
0.562191
0.562206
0.562213
0.562230
0.562238
0.562369
0.562371
0.562379
0.562475
0.562489
0.562739
0.562882
0.562938
0.562977
0.563130
0.563203
0.563261
0.563266
0.563283
0.563376
0.563607
0.563786
0.563888
0.563902
0.564103
0.564218
0.564397
0.564750
0.564763
0.564889
0.565028
0.565053
0.565082
0.565149
0.565233
0.565259
0.565277
0.565322
0.565446
0.565532
0.565603
0.565675
0.565685
0.565703
0.565712
0.565873
0.565889
0.565999
0.566483
0.566898
0.567421
0.567595
0.567753
0.567800
0.567943
0.568104
0.568112
0.568125
0.568190
0.568222
0.568354
0.568379
0.568504
0.568584
0.568628
0.568670
0.568696
0.568933
0.569083
0.569188
0.569281
0.569282
0.569328
0.569351
0.569422
0.569571
0.569574
0.569666
0.569824
0.569929
0.570089
0.570118
0.570416
0.570797
0.570862
0.570874
0.571034
0.571125
0.571233
0.571276
0.571609
0.571656
0.571712
0.571744
0.571912
0.572004
0.572108
0.572678
0.572797
0.572844
0.572939
0.573128
0.573232
0.573265
0.573446
0.573824
0.573856
0.573873
0.573892
0.574021
0.574512
0.574563
0.574587
0.574642
0.574682
0.574885
0.574989
0.575021
0.575028
0.575028
0.575079
0.575096
0.575206
0.575361
0.575639
0.575657
0.575870
0.575886
0.575977
0.576359
0.576720
0.576758
0.576875
0.576955
0.577240
0.577435
0.577467
0.577568
0.577587
0.577654
0.577721
0.577748
0.577756
0.577803
0.577818
0.577876
0.578288
0.578677
0.578682
0.578786
0.578828
0.579028
0.579092
0.579102
0.579312
0.579344
0.579401
0.579548
0.579703
0.579847
0.579980
0.580016
0.580117
0.580199
0.580242
0.580264
0.580359
0.580398
0.580934
0.580954
0.580961
0.580982
0.581058
0.581124
0.581284
0.581313
0.581376
0.581401
0.581443
0.581613
0.581728
0.581733
0.581812
0.581854
0.581891
0.581940
0.582192
0.582267
0.582281
0.582329
0.582380
0.582560
0.582620
0.582651
0.582662
0.582722
0.582875
0.582971
0.582991
0.582996
0.583002
0.583094
0.583235
0.583379
0.583397
0.583504
0.583515
0.583606
0.583642
0.583715
0.583809
0.583864
0.583880
0.584048
0.584106
0.584255
0.584464
0.584479
0.584525
0.584586
0.584618
0.584641
0.584714
0.584809
0.584941
0.585048
0.585126
0.585502
0.585670
0.585700
0.585732
0.585746
0.585793
0.585802
0.585833
0.586124
0.586212
0.586307
0.586372
0.586461
0.586551
0.586656
0.586881
0.586931
0.586933
0.587054
0.587175
0.587257
0.587292
0.587342
0.587765
0.587789
0.587847
0.587850
0.587959
0.588003
0.588033
0.588248
0.588258
0.588337
0.588358
0.588362
0.588432
0.588514
0.588590
0.588608
0.588865
0.588927
0.588984
0.589049
0.589156
0.589342
0.589429
0.589462
0.589510
0.589614
0.590049
0.590054
0.590155
0.590157
0.590325
0.590477
0.590518
0.590530
0.590569
0.590703
0.590739
0.590754
0.590754
0.590791
0.590979
0.591374
0.591555
0.591699
0.592170
0.592346
0.592401
0.592414
0.592661
0.592715
0.592837
0.592837
0.592879
0.593063
0.593118
0.593201
0.593287
0.593321
0.593384
0.593496
0.593619
0.593698
0.593728
0.593755
0.594006
0.594125
0.594192
0.594272
0.594351
0.594352
0.594538
0.594784
0.594814
0.594859
0.594959
0.594971
0.594987
0.595044
0.595104
0.595293
0.595420
0.595716
0.595741
0.595763
0.595797
0.595828
0.595863
0.596000
0.596072
0.596135
0.596268
0.596345
0.596383
0.596388
0.596397
0.596407
0.596688
0.596754
0.596785
0.596812
0.596879
0.596956
0.596992
0.597238
0.597272
0.597272
0.597348
0.597459
0.597477
0.597560
0.597742
0.597763
0.597960
0.597965
0.598066
0.598118
0.598122
0.598159
0.598262
0.598317
0.598382
0.598459
0.598925
0.599057
0.599181
0.599397
0.599647
0.599718
0.599732
0.599863
0.599885
0.599926
0.599945
0.600035
0.600089
0.600159
0.600307
0.600501
0.600776
0.600798
0.600800
0.600975
0.600978
0.601056
0.601169
0.601276
0.601317
0.601356
0.601444
0.601508
0.601572
0.601576
0.601958
0.602096
0.602155
0.602202
0.602226
0.602324
0.602597
0.602725
0.602749
0.602873
0.603034
0.603042
0.603309
0.603584
0.603795
0.604021
0.604033
0.604048
0.604126
0.604206
0.604542
0.604607
0.604609
0.604678
0.604735
0.604781
0.604923
0.604934
0.604978
0.605050
0.605064
0.605082
0.605196
0.605469
0.605475
0.605624
0.605964
0.605996
0.606026
0.606096
0.606317
0.606447
0.606598
0.606634
0.606648
0.606713
0.606796
0.606894
0.607129
0.607315
0.607388
0.607449
0.607534
0.607546
0.607558
0.607560
0.607592
0.607649
0.607656
0.607837
0.607954
0.607958
0.607961
0.608046
0.608290
0.608487
0.608607
0.608635
0.608670
0.608676
0.608736
0.608856
0.608951
0.609015
0.609187
0.609273
0.609289
0.609307
0.609330
0.609415
0.609455
0.609516
0.609547
0.609695
0.609711
0.609799
0.609825
0.609875
0.609889
0.609945
0.610124
0.610242
0.610441
0.610502
0.610666
0.610671
0.610699
0.610715
0.610722
0.610771
0.610830
0.611027
0.611099
0.611319
0.611419
0.611490
0.611630
0.611756
0.611758
0.611786
0.611889
0.612345
0.612386
0.612396
0.612486
0.612491
0.612504
0.612562
0.612597
0.612664
0.612798
0.612982
0.613105
0.613179
0.613183
0.613248
0.613617
0.613620
0.613677
0.613713
0.613754
0.613893
0.614028
0.614276
0.614303
0.614354
0.614642
0.614693
0.614836
0.614907
0.615077
0.615134
0.615138
0.615204
0.615230
0.615232
0.615342
0.615448
0.615933
0.616004
0.616138
0.616179
0.616273
0.616274
0.616286
0.616435
0.616534
0.616669
0.616671
0.616830
0.617022
0.617256
0.617282
0.617427
0.617484
0.617524
0.617776
0.617791
0.617872
0.617921
0.617995
0.618676
0.618869
0.618916
0.619165
0.619311
0.619350
0.619368
0.619384
0.619600
0.619906
0.620090
0.620178
0.620199
0.620337
0.620345
0.620371
0.620501
0.620515
0.620557
0.620601
0.620789
0.620855
0.620894
0.620947
0.621231
0.621240
0.621259
0.621363
0.621794
0.621856
0.621915
0.621974
0.622126
0.622280
0.622411
0.622426
0.622536
0.622556
0.622656
0.622860
0.622903
0.622950
0.623150
0.623210
0.623256
0.623336
0.623534
0.623566
0.623771
0.624091
0.624286
0.624426
0.624459
0.624524
0.624534
0.624697
0.624876
0.624934
0.624986
0.625168
0.625345
0.625371
0.625442
0.625454
0.625575
0.625675
0.625795
0.626011
0.626027
0.626040
0.626056
0.626217
0.626347
0.626558
0.626845
0.626856
0.627033
0.627108
0.627138
0.627276
0.627339
0.627365
0.627516
0.627593
0.627595
0.627627
0.627695
0.627735
0.627823
0.627866
0.627984
0.628032
0.628159
0.628183
0.628264
0.628278
0.628288
0.628307
0.628335
0.628692
0.628811
0.629121
0.629122
0.629130
0.629145
0.629162
0.629315
0.629332
0.629340
0.629463
0.629814
0.629949
0.629997
0.630083
0.630094
0.630098
0.630143
0.630156
0.630159
0.630211
0.630362
0.630420
0.630910
0.630918
0.631004
0.631010
0.631092
0.631100
0.631256
0.631520
0.631639
0.631648
0.631679
0.631749
0.631939
0.631967
0.631992
0.632115
0.632243
0.632403
0.632415
0.632727
0.632868
0.632884
0.633178
0.633190
0.633198
0.633437
0.633472
0.633704
0.633827
0.633846
0.633944
0.633997
0.634047
0.634176
0.634182
0.634210
0.634246
0.634277
0.634283
0.634522
0.634558
0.634710
0.634929
0.634968
0.635103
0.635139
0.635251
0.635267
0.635402
0.635456
0.635509
0.635585
0.635620
0.635815
0.636017
0.636345
0.636459
0.636693
0.636772
0.636788
0.636944
0.636976
0.637097
0.637181
0.637328
0.637329
0.637341
0.637400
0.637769
0.638026
0.638287
0.638581
0.638590
0.638639
0.638856
0.638964
0.639078
0.639113
0.639142
0.639209
0.639237
0.639416
0.639427
0.639504
0.639524
0.639656
0.640076
0.640121
0.640281
0.640315
0.640338
0.640389
0.640416
0.640433
0.640623
0.640682
0.640943
0.640958
0.641003
0.641019
0.641039
0.641251
0.641257
0.641383
0.641414
0.641552
0.641666
0.641669
0.641712
0.641818
0.641942
0.641951
0.642078
0.642104
0.642114
0.642308
0.642375
0.642574
0.642656
0.642690
0.642693
0.642877
0.642930
0.643051
0.643103
0.643239
0.643257
0.643274
0.643329
0.643352
0.643427
0.643608
0.643753
0.643777
0.643812
0.643985
0.643999
0.644092
0.644235
0.644402
0.644459
0.644499
0.644511
0.644610
0.644713
0.644904
0.644921
0.644986
0.645006
0.645066
0.645082
0.645095
0.645104
0.645183
0.645184
0.645417
0.645466
0.645516
0.645900
0.645923
0.646307
0.646313
0.646411
0.646620
0.646669
0.646788
0.646925
0.646925
0.646959
0.646973
0.647008
0.647207
0.647598
0.647629
0.647778
0.647790
0.647823
0.648078
0.648276
0.648280
0.648282
0.648539
0.648643
0.648754
0.648773
0.648845
0.648859
0.648983
0.649019
0.649293
0.649429
0.649443
0.649587
0.649607
0.649769
0.649807
0.650022
0.650105
0.650164
0.650269
0.650391
0.650396
0.650535
0.650743
0.650784
0.650802
0.650813
0.650903
0.651062
0.651072
0.651093
0.651378
0.651502
0.651712
0.652121
0.652163
0.652270
0.652320
0.652409
0.652535
0.652748
0.652902
0.653060
0.653217
0.653258
0.653652
0.653702
0.653739
0.653823
0.653834
0.653910
0.654008
0.654159
0.654181
0.654342
0.654400
0.654569
0.654576
0.654685
0.654835
0.654979
0.655097
0.655747
0.655791
0.655824
0.655888
0.655903
0.655986
0.655993
0.656059
0.656092
0.656102
0.656132
0.656222
0.656248
0.656627
0.656762
0.656770
0.656810
0.656848
0.657211
0.657251
0.657475
0.657603
0.657877
0.657885
0.657914
0.658257
0.658291
0.658378
0.658383
0.658619
0.658670
0.658713
0.658771
0.658879
0.658978
0.658979
0.659050
0.659071
0.659151
0.659263
0.659519
0.659621
0.659670
0.659760
0.659850
0.659918
0.660133
0.660142
0.660142
0.660155
0.660180
0.660357
0.660417
0.660424
0.661015
0.661279
0.661402
0.661476
0.661494
0.661540
0.661565
0.661699
0.661767
0.661967
0.662071
0.662120
0.662230
0.662344
0.662381
0.662413
0.662436
0.662638
0.662750
0.662782
0.662859
0.662862
0.662879
0.662919
0.663028
0.663247
0.663385
0.663417
0.663476
0.663490
0.663585
0.663735
0.664079
0.664115
0.664302
0.664360
0.664371
0.664402
0.664592
0.664778
0.664953
0.664984
0.665025
0.665167
0.665174
0.665357
0.665519
0.665655
0.665820
0.666052
0.666130
0.666131
0.666166
0.666311
0.666367
0.666657
0.667204
0.667287
0.667349
0.667636
0.667651
0.667800
0.667803
0.667823
0.668181
0.668260
0.668414
0.668826
0.668826
0.668838
0.668926
0.669140
0.669221
0.669284
0.669341
0.669452
0.669694
0.669705
0.669719
0.669742
0.669747
0.669770
0.669995
0.670050
0.670395
0.670400
0.670522
0.670704
0.670759
0.670788
0.670862
0.670877
0.670922
0.670940
0.671073
0.671204
0.671252
0.671385
0.671467
0.671576
0.671586
0.671728
0.671786
0.671806
0.671817
0.671889
0.671915
0.671954
0.672008
0.672031
0.672106
0.672114
0.672310
0.672439
0.672529
0.672564
0.672566
0.672641
0.672736
0.672737
0.672742
0.672770
0.672774
0.672826
0.672894
0.672957
0.673061
0.673141
0.673162
0.673214
0.673368
0.673479
0.673838
0.673954
0.673976
0.674027
0.674051
0.674145
0.674337
0.674518
0.674522
0.674576
0.674632
0.674637
0.674660
0.674700
0.674763
0.674914
0.674917
0.675269
0.675276
0.675346
0.675405
0.675432
0.675443
0.675534
0.675744
0.675856
0.676095
0.676160
0.676227
0.676326
0.676387
0.676410
0.676422
0.676439
0.676478
0.676491
0.676585
0.676615
0.676848
0.676879
0.676914
0.677216
0.677247
0.677293
0.677298
0.677440
0.677674
0.677765
0.677890
0.678037
0.678329
0.678346
0.678609
0.678740
0.678872
0.679033
0.679108
0.679215
0.679363
0.679370
0.679464
0.679477
0.679489
0.679494
0.679536
0.679552
0.679992
0.679999
0.680002
0.680217
0.680428
0.680609
0.680635
0.680746
0.681076
0.681090
0.681138
0.681214
0.681225
0.681418
0.681755
0.681803
0.681890
0.681899
0.681901
0.681938
0.682033
0.682037
0.682061
0.682130
0.682204
0.682219
0.682263
0.682290
0.682384
0.682391
0.682428
0.682670
0.682759
0.683114
0.683139
0.683300
0.683412
0.683507
0.683610
0.683635
0.683804
0.683952
0.684092
0.684195
0.684262
0.684465
0.684528
0.684532
0.684729
0.684866
0.684883
0.684945
0.685143
0.685309
0.685316
0.685411
0.685529
0.685579
0.685641
0.685669
0.685773
0.686003
0.686013
0.686085
0.686158
0.686552
0.686553
0.686682
0.686859
0.686874
0.686915
0.687068
0.687217
0.687234
0.687245
0.687395
0.687452
0.687564
0.687565
0.687642
0.687750
0.687841
0.687858
0.687893
0.687904
0.688223
0.688247
0.688263
0.688495
0.688605
0.688701
0.688755
0.688781
0.689022
0.689178
0.689259
0.689321
0.689500
0.689803
0.689831
0.689961
0.690027
0.690188
0.690195
0.690320
0.690329
0.690475
0.690612
0.690816
0.690824
0.690852
0.690991
0.691121
0.691183
0.691220
0.691387
0.691446
0.691456
0.691653
0.691883
0.691928
0.691945
0.692021
0.692040
0.692170
0.692280
0.692486
0.692517
0.692586
0.692651
0.692700
0.692935
0.693309
0.693458
0.693593
0.693962
0.694013
0.694020
0.694038
0.694170
0.694261
0.694324
0.694384
0.694774
0.694779
0.694844
0.694993
0.695352
0.695431
0.695449
0.695571
0.695640
0.695697
0.695707
0.695774
0.695944
0.695980
0.696017
0.696137
0.696220
0.696279
0.696488
0.696527
0.696538
0.696642
0.696697
0.696716
0.696919
0.696980
0.697280
0.697362
0.697365
0.697441
0.697511
0.697524
0.697743
0.697755
0.697829
0.697888
0.697911
0.697915
0.697995
0.698048
0.698186
0.698554
0.698594
0.698615
0.698838
0.698931
0.699008
0.699059
0.699095
0.699170
0.699233
0.699238
0.699301
0.699353
0.699388
0.699461
0.699843
0.699906
0.700019
0.700142
0.700196
0.700203
0.700239
0.700245
0.700259
0.700289
0.700292
0.700400
0.700441
0.700490
0.700542
0.700555
0.700561
0.700602
0.700807
0.700999
0.700999
0.701061
0.701156
0.701182
0.701254
0.701373
0.701395
0.701578
0.701584
0.701656
0.701729
0.701757
0.701820
0.701830
0.701919
0.701956
0.701993
0.701993
0.702205
0.702213
0.702346
0.702369
0.702397
0.702440
0.702456
0.702479
0.702586
0.702596
0.702739
0.702910
0.702950
0.703075
0.703272
0.703386
0.703504
0.703780
0.704040
0.704306
0.704605
0.704628
0.704675
0.704777
0.704807
0.704851
0.704965
0.705212
0.705258
0.705488
0.705543
0.705708
0.705766
0.705855
0.705856
0.705917
0.706217
0.706419
0.706471
0.706492
0.706559
0.706678
0.706836
0.707042
0.707348
0.707370
0.707423
0.707457
0.707584
0.707723
0.707814
0.707896
0.707913
0.707940
0.707995
0.708158
0.708355
0.708473
0.708660
0.708703
0.708754
0.708821
0.708833
0.708928
0.708965
0.709026
0.709209
0.709310
0.709323
0.709323
0.709422
0.709966
0.710007
0.710134
0.710270
0.710387
0.710702
0.710710
0.710808
0.710810
0.710951
0.710968
0.710990
0.711042
0.711260
0.711352
0.711397
0.711422
0.711779
0.712101
0.712218
0.712255
0.712321
0.712480
0.712551
0.712608
0.712847
0.712876
0.712882
0.713199
0.713411
0.713454
0.713505
0.713634
0.713703
0.713737
0.713824
0.713999
0.714107
0.714116
0.714205
0.714220
0.714278
0.714291
0.714576
0.714806
0.714969
0.715046
0.715285
0.715843
0.715891
0.715924
0.715951
0.716114
0.716121
0.716179
0.716183
0.716338
0.716353
0.716406
0.716659
0.716788
0.717124
0.717226
0.717370
0.717397
0.717442
0.717476
0.717490
0.717651
0.717691
0.717755
0.717800
0.717867
0.717967
0.717988
0.718062
0.718098
0.718243
0.718326
0.718411
0.718546
0.718689
0.719005
0.719254
0.719353
0.719360
0.719498
0.719500
0.719567
0.719974
0.720015
0.720652
0.720676
0.720681
0.720791
0.720805
0.720842
0.721115
0.721197
0.721298
0.721514
0.721552
0.721732
0.721963
0.722056
0.722077
0.722271
0.722288
0.722410
0.722482
0.722583
0.722680
0.722894
0.722984
0.722991
0.723235
0.723349
0.723410
0.723768
0.723889
0.723987
0.723997
0.724126
0.724146
0.724320
0.724390
0.724651
0.724685
0.724841
0.724898
0.725672
0.725827
0.725906
0.725934
0.725952
0.725970
0.725987
0.725994
0.726148
0.726172
0.726256
0.726279
0.726604
0.726837
0.726940
0.727092
0.727438
0.727831
0.727884
0.727982
0.728122
0.728127
0.728306
0.728378
0.728565
0.728586
0.728731
0.728814
0.729151
0.729190
0.729259
0.729430
0.729482
0.729505
0.729607
0.729621
0.729634
0.729835
0.730011
0.730050
0.730061
0.730089
0.730102
0.730174
0.730221
0.730368
0.730379
0.730545
0.730769
0.730792
0.730816
0.730992
0.731153
0.731156
0.731196
0.731244
0.731426
0.731496
0.731566
0.731802
0.731881
0.731915
0.731916
0.731916
0.732008
0.732020
0.732021
0.732060
0.732250
0.732553
0.732555
0.732582
0.732855
0.732971
0.733220
0.733228
0.733311
0.733312
0.733359
0.733487
0.733671
0.734176
0.734261
0.734283
0.734413
0.734465
0.734704
0.734768
0.734803
0.734915
0.735046
0.735065
0.735070
0.735185
0.735395
0.735483
0.735603
0.735963
0.735974
0.736105
0.736107
0.736118
0.736251
0.736304
0.736422
0.736493
0.736609
0.736683
0.736783
0.736839
0.736851
0.736885
0.737038
0.737178
0.737345
0.737354
0.737355
0.737461
0.737478
0.737492
0.737529
0.737637
0.737639
0.737646
0.737841
0.737843
0.737993
0.738162
0.738518
0.738607
0.739048
0.739190
0.739334
0.739554
0.739601
0.739647
0.739706
0.739723
0.739911
0.740007
0.740129
0.740166
0.740208
0.740271
0.740355
0.740404
0.740501
0.740514
0.740657
0.740683
0.740728
0.740731
0.741105
0.741152
0.741312
0.741389
0.741482
0.741488
0.741583
0.741664
0.741720
0.741918
0.741932
0.742130
0.742154
0.742459
0.742466
0.742501
0.742911
0.742918
0.742919
0.743148
0.743203
0.743236
0.743356
0.743520
0.743533
0.743641
0.743735
0.743746
0.743843
0.743982
0.744118
0.744121
0.744123
0.744186
0.744194
0.744200
0.744501
0.744526
0.744574
0.744690
0.744699
0.744701
0.744833
0.744939
0.745008
0.745032
0.745092
0.745200
0.745205
0.745254
0.745283
0.745533
0.745581
0.745944
0.746082
0.746128
0.746210
0.746301
0.746478
0.746579
0.746703
0.746742
0.746935
0.746953
0.746955
0.746978
0.747174
0.747200
0.747206
0.747214
0.747368
0.747370
0.747628
0.747698
0.747951
0.748145
0.748184
0.748192
0.748312
0.748348
0.748430
0.748441
0.748478
0.748648
0.748681
0.748956
0.749346
0.749433
0.749443
0.749516
0.749555
0.749859
0.750149
0.750182
0.750225
0.750428
0.750731
0.750763
0.750785
0.750824
0.751142
0.751242
0.751292
0.751389
0.751431
0.751563
0.751586
0.751727
0.751965
0.751980
0.752025
0.752238
0.752365
0.752384
0.752464
0.752502
0.752545
0.752641
0.752666
0.752840
0.752864
0.752932
0.752950
0.752977
0.752996
0.753036
0.753228
0.753248
0.753307
0.753384
0.753504
0.753550
0.753601
0.753677
0.753933
0.753977
0.754030
0.754076
0.754086
0.754372
0.754471
0.754471
0.754705
0.754727
0.754864
0.754876
0.754913
0.754922
0.755413
0.755462
0.755530
0.755581
0.755621
0.755681
0.755783
0.755901
0.755981
0.756140
0.756277
0.756306
0.756323
0.756590
0.756663
0.756704
0.756790
0.756862
0.756877
0.756939
0.756949
0.756982
0.757038
0.757039
0.757159
0.757180
0.757244
0.757291
0.757312
0.757480
0.757818
0.757910
0.758008
0.758065
0.758088
0.758103
0.758172
0.758348
0.758416
0.758477
0.758536
0.758552
0.759042
0.759181
0.759220
0.759234
0.759259
0.759363
0.759395
0.759458
0.759512
0.759974
0.760407
0.760754
0.761009
0.761041
0.761136
0.761180
0.761283
0.761300
0.761644
0.761859
0.761874
0.761914
0.761966
0.761971
0.762100
0.762190
0.762228
0.762404
0.762579
0.763146
0.763311
0.763357
0.763357
0.763525
0.763580
0.763773
0.763815
0.763934
0.764045
0.764102
0.764265
0.764513
0.764580
0.764662
0.764888
0.764903
0.765118
0.765300
0.765319
0.765376
0.765387
0.765401
0.765513
0.765662
0.765827
0.765868
0.765925
0.766055
0.766155
0.766159
0.766322
0.766369
0.766385
0.766424
0.766480
0.766515
0.766716
0.766887
0.766961
0.767194
0.767279
0.767429
0.767640
0.767772
0.767813
0.767903
0.768097
0.768272
0.768311
0.768338
0.768443
0.768499
0.768709
0.768727
0.768729
0.769192
0.769347
0.769436
0.769444
0.769452
0.769458
0.769670
0.769845
0.769919
0.769959
0.770001
0.770173
0.770323
0.770453
0.770504
0.770767
0.770814
0.770891
0.770982
0.771146
0.771171
0.771177
0.771218
0.771352
0.771663
0.771907
0.771920
0.772001
0.772179
0.772239
0.772511
0.772527
0.772608
0.773132
0.773141
0.773330
0.773724
0.774014
0.774143
0.774207
0.774240
0.774348
0.774510
0.774600
0.774666
0.774833
0.774899
0.775029
0.775059
0.775125
0.775453
0.775460
0.775578
0.775759
0.775909
0.776047
0.776203
0.776254
0.776724
0.777070
0.777170
0.777451
0.777494
0.777501
0.777511
0.777608
0.777794
0.777924
0.778098
0.778210
0.778341
0.778372
0.778466
0.778678
0.778815
0.779038
0.779101
0.779112
0.779158
0.779162
0.779278
0.779527
0.779603
0.779726
0.779791
0.779938
0.779957
0.780007
0.780033
0.780084
0.780554
0.780725
0.780834
0.781010
0.781340
0.781522
0.781543
0.781565
0.781638
0.781703
0.781712
0.782173
0.782296
0.782340
0.782371
0.782388
0.782388
0.782513
0.782603
0.782650
0.782666
0.782708
0.782765
0.782772
0.782778
0.782828
0.782905
0.782986
0.782990
0.783037
0.783052
0.783121
0.783440
0.783856
0.784038
0.784377
0.784384
0.784501
0.784770
0.784937
0.785187
0.785222
0.785288
0.785466
0.785583
0.785614
0.785740
0.785932
0.786042
0.786203
0.786223
0.786323
0.786341
0.786457
0.786510
0.786868
0.787211
0.787327
0.787721
0.788019
0.788204
0.788231
0.788285
0.788290
0.788321
0.788557
0.788582
0.788607
0.788895
0.789016
0.789256
0.789295
0.789298
0.789313
0.789454
0.789640
0.789641
0.789726
0.789837
0.789939
0.790071
0.790076
0.790095
0.790101
0.790207
0.790228
0.790448
0.790482
0.790545
0.790655
0.790663
0.790825
0.790933
0.790996
0.791006
0.791152
0.791359
0.791485
0.791576
0.791667
0.791716
0.791936
0.792220
0.792237
0.792279
0.792429
0.792546
0.792573
0.792890
0.792968
0.792970
0.792996
0.793053
0.793105
0.793157
0.793293
0.793295
0.793315
0.793378
0.793578
0.793704
0.793864
0.793964
0.794052
0.794101
0.794169
0.794185
0.794249
0.794249
0.794285
0.794511
0.794572
0.794626
0.794656
0.795088
0.795367
0.795459
0.795460
0.795777
0.795819
0.795838
0.795867
0.796009
0.796335
0.796354
0.796415
0.796526
0.796619
0.796706
0.796844
0.796857
0.797022
0.797060
0.797093
0.797172
0.797238
0.797305
0.797391
0.797509
0.797530
0.797841
0.797889
0.797891
0.798084
0.798164
0.798216
0.798236
0.798542
0.798660
0.798700
0.798991
0.799001
0.799008
0.799111
0.799177
0.799284
0.799430
0.799530
0.799533
0.799645
0.799835
0.799891
0.800012
0.800100
0.800235
0.800407
0.800469
0.800502
0.800663
0.800696
0.800702
0.801057
0.801130
0.801216
0.801239
0.801626
0.801627
0.801695
0.801707
0.801720
0.801915
0.802187
0.802204
0.802302
0.802317
0.802463
0.802570
0.802577
0.802770
0.802923
0.802976
0.802989
0.803100
0.803261
0.803279
0.803309
0.803317
0.803382
0.803396
0.803452
0.803681
0.803781
0.803886
0.803932
0.803982
0.804420
0.804421
0.804431
0.804463
0.804538
0.804574
0.804588
0.804670
0.804875
0.804907
0.804985
0.805172
0.805484
0.805507
0.805601
0.805706
0.805909
0.806241
0.806276
0.806337
0.806664
0.806901
0.807143
0.807183
0.807276
0.807325
0.807342
0.807366
0.807398
0.807459
0.807610
0.807734
0.807764
0.807891
0.807928
0.808033
0.808049
0.808497
0.808668
0.808830
0.809144
0.809251
0.809419
0.809481
0.809494
0.809505
0.809526
0.809592
0.809768
0.809828
0.809900
0.809949
0.809960
0.810037
0.810041
0.810154
0.810288
0.810355
0.810427
0.810462
0.810570
0.810813
0.810825
0.810846
0.810859
0.810913
0.810915
0.810994
0.811016
0.811203
0.811387
0.811543
0.811644
0.811663
0.811739
0.811748
0.811870
0.812010
0.812020
0.812023
0.812055
0.812191
0.812309
0.812330
0.812348
0.812365
0.812387
0.812437
0.812468
0.812521
0.812633
0.812697
0.812800
0.812845
0.812983
0.813041
0.813093
0.813122
0.813141
0.813198
0.813236
0.813253
0.813797
0.813987
0.814061
0.814140
0.814215
0.814236
0.814247
0.814349
0.814362
0.814372
0.814542
0.814553
0.814572
0.814681
0.814980
0.815057
0.815065
0.815237
0.815296
0.815412
0.815642
0.815799
0.816038
0.816165
0.816197
0.816248
0.816259
0.816313
0.816316
0.816322
0.816326
0.816452
0.816455
0.816539
0.816581
0.816619
0.816629
0.816889
0.816910
0.816960
0.817110
0.817151
0.817527
0.817686
0.817730
0.817941
0.817949
0.817965
0.818024
0.818102
0.818181
0.818381
0.818517
0.818710
0.818719
0.818762
0.818948
0.819003
0.819181
0.819250
0.819254
0.819426
0.819433
0.819519
0.819594
0.819668
0.819820
0.819856
0.819908
0.819926
0.819999
0.820005
0.820173
0.820589
0.820619
0.820649
0.820766
0.820934
0.820951
0.821159
0.821240
0.821420
0.821453
0.821463
0.821484
0.821487
0.821522
0.821617
0.821845
0.821941
0.822023
0.822412
0.822421
0.822701
0.822777
0.822877
0.822934
0.823009
0.823115
0.823468
0.823530
0.823720
0.823733
0.823875
0.823910
0.824113
0.824303
0.824319
0.824593
0.824707
0.824797
0.824914
0.825104
0.825304
0.825317
0.825563
0.825731
0.825748
0.826006
0.826031
0.826102
0.826455
0.826532
0.826585
0.826889
0.827147
0.827386
0.827447
0.827493
0.827705
0.827835
0.827948
0.827977
0.828213
0.828279
0.828393
0.828460
0.828516
0.828694
0.828722
0.828771
0.829049
0.829100
0.829159
0.829218
0.829491
0.829515
0.829548
0.829643
0.829663
0.829808
0.829983
0.830108
0.830153
0.830155
0.830193
0.830420
0.830459
0.830527
0.830671
0.830711
0.830783
0.830888
0.830946
0.830952
0.831005
0.831159
0.831181
0.831297
0.831400
0.831433
0.831449
0.831457
0.831460
0.831584
0.832002
0.832133
0.832322
0.832330
0.832349
0.832407
0.832409
0.832482
0.832497
0.832544
0.832669
0.832712
0.832731
0.832739
0.832762
0.832768
0.832800
0.832969
0.833052
0.833058
0.833212
0.833329
0.833353
0.833409
0.833614
0.833658
0.833674
0.833717
0.833736
0.834029
0.834115
0.834242
0.834362
0.834402
0.834721
0.834852
0.835035
0.835071
0.835095
0.835117
0.835156
0.835229
0.835269
0.835496
0.835565
0.835592
0.835654
0.835684
0.835708
0.835993
0.836043
0.836182
0.836232
0.836252
0.836352
0.836360
0.836419
0.836602
0.836653
0.836816
0.836887
0.836988
0.837271
0.837287
0.837305
0.837317
0.837455
0.837618
0.837710
0.837826
0.838044
0.838207
0.838315
0.838387
0.838400
0.838412
0.838890
0.838909
0.838915
0.839002
0.839136
0.839175
0.839256
0.839357
0.839408
0.839510
0.839624
0.839785
0.840018
0.840356
0.840415
0.840551
0.840666
0.840735
0.840757
0.840892
0.840920
0.840930
0.840958
0.840990
0.841363
0.841427
0.841539
0.841560
0.841642
0.841879
0.841972
0.842150
0.842252
0.842334
0.842342
0.842486
0.842581
0.842581
0.842665
0.842708
0.842718
0.842787
0.842908
0.843178
0.843217
0.843493
0.843781
0.843848
0.843870
0.843915
0.843942
0.843991
0.844098
0.844277
0.844371
0.844418
0.844452
0.844496
0.844577
0.844602
0.844680
0.844714
0.844798
0.844838
0.844888
0.845031
0.845196
0.845234
0.845244
0.845312
0.845567
0.845603
0.845688
0.845770
0.845819
0.845849
0.845858
0.845872
0.846006
0.846058
0.846096
0.846142
0.846158
0.846176
0.846182
0.846196
0.846331
0.846385
0.846522
0.846570
0.846756
0.846830
0.846934
0.846984
0.847029
0.847182
0.847347
0.847368
0.847375
0.847375
0.847405
0.847413
0.847683
0.847766
0.847813
0.847872
0.847964
0.848055
0.848093
0.848141
0.848207
0.848222
0.848300
0.848518
0.848569
0.849006
0.849171
0.849180
0.849235
0.849305
0.849354
0.849395
0.849515
0.849582
0.849657
0.849660
0.849694
0.849857
0.850110
0.850136
0.850142
0.850264
0.850332
0.850355
0.850522
0.850597
0.850647
0.850683
0.850849
0.850893
0.851242
0.851291
0.851374
0.851804
0.851923
0.851924
0.852094
0.852131
0.852167
0.852199
0.852237
0.852251
0.852285
0.852304
0.852460
0.852465
0.852822
0.852829
0.852838
0.852946
0.852965
0.853411
0.853451
0.853587
0.853663
0.853705
0.853706
0.853918
0.853946
0.853982
0.854046
0.854061
0.854249
0.854293
0.854844
0.855676
0.855747
0.855773
0.856029
0.856202
0.856219
0.856257
0.856319
0.856363
0.856554
0.856944
0.856988
0.856989
0.857175
0.857346
0.857538
0.857590
0.857660
0.857665
0.857812
0.857857
0.857917
0.857969
0.858076
0.858135
0.858162
0.858184
0.858223
0.858350
0.858401
0.858702
0.859074
0.859376
0.859452
0.859457
0.859523
0.859596
0.859766
0.859858
0.859861
0.860075
0.860096
0.860252
0.860287
0.860340
0.860343
0.860489
0.860541
0.860566
0.860684
0.860724
0.861046
0.861090
0.861106
0.861125
0.861257
0.861732
0.861952
0.862146
0.862197
0.862201
0.862308
0.862422
0.862479
0.862490
0.862532
0.862545
0.862663
0.862665
0.862926
0.863005
0.863104
0.863246
0.863250
0.863287
0.863501
0.863503
0.863666
0.863677
0.863767
0.863787
0.863849
0.863866
0.863875
0.863948
0.864209
0.864294
0.864329
0.864363
0.864455
0.864573
0.864875
0.864877
0.864936
0.865060
0.865224
0.865283
0.865575
0.865936
0.866030
0.866136
0.866304
0.866321
0.866456
0.866493
0.866508
0.866666
0.866716
0.866746
0.866794
0.866820
0.866829
0.866871
0.866885
0.866954
0.866967
0.866998
0.867258
0.867663
0.867708
0.867785
0.867790
0.867869
0.868055
0.868108
0.868111
0.868176
0.868312
0.868320
0.868358
0.868459
0.868553
0.868639
0.869108
0.869275
0.869341
0.869547
0.869703
0.869752
0.869981
0.870017
0.870044
0.870264
0.870445
0.870531
0.870554
0.870606
0.870624
0.870678
0.870694
0.870717
0.870817
0.870827
0.870940
0.870982
0.871169
0.871249
0.871387
0.871436
0.871519
0.871633
0.871712
0.872202
0.872237
0.872412
0.872449
0.872792
0.872821
0.872873
0.872962
0.872993
0.873434
0.873496
0.873709
0.873737
0.873961
0.874120
0.874177
0.874209
0.874376
0.874390
0.874517
0.874606
0.874683
0.874796
0.874827
0.874896
0.875054
0.875181
0.875184
0.875204
0.875247
0.875301
0.875627
0.875820
0.875969
0.876008
0.876060
0.876182
0.876423
0.876440
0.876440
0.876476
0.876537
0.876554
0.876605
0.876611
0.876665
0.876694
0.876777
0.876783
0.876918
0.877038
0.877064
0.877224
0.877264
0.877287
0.877430
0.877435
0.877461
0.877531
0.877589
0.877602
0.878015
0.878020
0.878037
0.878060
0.878207
0.878313
0.878317
0.878408
0.878626
0.878746
0.878801
0.878925
0.879169
0.879232
0.879324
0.879703
0.879947
0.880049
0.880107
0.880204
0.880263
0.880268
0.880336
0.880377
0.880508
0.880645
0.880742
0.880835
0.880876
0.880948
0.880988
0.881087
0.881110
0.881203
0.881241
0.881323
0.881502
0.881571
0.881749
0.881805
0.882063
0.882089
0.882125
0.882245
0.882251
0.882276
0.882299
0.882317
0.882350
0.882475
0.882578
0.882650
0.882665
0.882666
0.882785
0.883000
0.883156
0.883183
0.883375
0.883427
0.883583
0.883645
0.883658
0.883823
0.883865
0.884077
0.884212
0.884228
0.884669
0.884863
0.884889
0.884997
0.885142
0.885182
0.885287
0.885344
0.885348
0.885402
0.885517
0.885573
0.885772
0.886044
0.886073
0.886260
0.886262
0.886609
0.886668
0.886718
0.886787
0.886888
0.887043
0.887061
0.887094
0.887148
0.887335
0.887414
0.887473
0.887604
0.887675
0.887681
0.887720
0.888179
0.888224
0.888328
0.888403
0.888505
0.888519
0.888529
0.888601
0.888615
0.888618
0.889088
0.889226
0.889480
0.889503
0.889866
0.889938
0.889968
0.890048
0.890063
0.890068
0.890069
0.890099
0.890620
0.891048
0.891063
0.891282
0.891570
0.891593
0.891712
0.891834
0.892219
0.892289
0.892415
0.892700
0.893000
0.893224
0.893372
0.893616
0.893720
0.893888
0.893997
0.894006
0.894013
0.894068
0.894251
0.894464
0.894551
0.894551
0.894748
0.894792
0.894940
0.895023
0.895040
0.895088
0.895150
0.895179
0.895562
0.895737
0.895900
0.896040
0.896043
0.896176
0.896220
0.896395
0.896587
0.896592
0.896712
0.896817
0.896840
0.896901
0.896945
0.896966
0.897011
0.897055
0.897127
0.897327
0.897528
0.897595
0.897597
0.897679
0.897694
0.897804
0.897909
0.897970
0.898047
0.898096
0.898115
0.898196
0.898209
0.898261
0.898266
0.898332
0.898732
0.898751
0.898813
0.898973
0.899031
0.899199
0.899260
0.899290
0.899361
0.899391
0.899610
0.899802
0.899912
0.900030
0.900143
0.900156
0.900189
0.900305
0.900335
0.900374
0.900386
0.900469
0.900670
0.900693
0.900757
0.900796
0.900811
0.900822
0.901159
0.901232
0.901264
0.901431
0.901747
0.901845
0.901955
0.902320
0.902341
0.902342
0.902362
0.902440
0.902509
0.902611
0.902689
0.903064
0.903119
0.903258
0.903261
0.903385
0.903460
0.903811
0.903865
0.903938
0.904008
0.904055
0.904144
0.904177
0.904475
0.904529
0.904621
0.904637
0.904818
0.904920
0.904933
0.904961
0.905005
0.905307
0.905378
0.905555
0.905669
0.905708
0.905888
0.905971
0.906073
0.906302
0.906326
0.906399
0.906466
0.906536
0.906658
0.906765
0.907237
0.907258
0.907301
0.907333
0.907396
0.907469
0.907522
0.907696
0.907765
0.907865
0.907867
0.907956
0.907988
0.908001
0.908584
0.908630
0.908712
0.908966
0.909336
0.909459
0.909507
0.909640
0.909832
0.910028
0.910072
0.910200
0.910449
0.910594
0.910629
0.910692
0.910722
0.910830
0.910835
0.910839
0.910864
0.911076
0.911298
0.911350
0.911353
0.911417
0.911537
0.911821
0.911910
0.911914
0.911944
0.912102
0.912219
0.912268
0.912303
0.912748
0.912800
0.912860
0.912862
0.912921
0.912953
0.913132
0.913567
0.913686
0.913824
0.913866
0.914022
0.914036
0.914439
0.914458
0.914677
0.914753
0.914782
0.914974
0.915011
0.915252
0.915294
0.915297
0.915357
0.915385
0.915451
0.915460
0.915536
0.915595
0.915647
0.915709
0.915744
0.915750
0.915999
0.916031
0.916101
0.916146
0.916176
0.916407
0.916411
0.916430
0.916441
0.916689
0.916796
0.916979
0.917096
0.917136
0.917254
0.917265
0.917282
0.917354
0.917379
0.917400
0.917541
0.917549
0.917623
0.917634
0.917772
0.917779
0.917807
0.917855
0.917883
0.917898
0.917914
0.917927
0.917969
0.918141
0.918444
0.918499
0.918503
0.918582
0.918709
0.918757
0.918825
0.918871
0.918940
0.918995
0.919049
0.919108
0.919157
0.919165
0.919359
0.919392
0.919397
0.919605
0.919733
0.919791
0.919906
0.919966
0.919985
0.920121
0.920290
0.920440
0.920444
0.920448
0.921011
0.921083
0.921117
0.921123
0.921138
0.921297
0.921385
0.921492
0.921592
0.921654
0.921667
0.921742
0.921786
0.921819
0.921985
0.921998
0.922121
0.922167
0.922170
0.922209
0.922238
0.922376
0.922400
0.922401
0.922491
0.922493
0.922530
0.922623
0.922825
0.922881
0.923089
0.923179
0.923237
0.923261
0.923374
0.923501
0.923590
0.923778
0.923916
0.924061
0.924230
0.924256
0.924288
0.924431
0.924536
0.924548
0.924595
0.924684
0.924712
0.924904
0.925001
0.925400
0.925455
0.925567
0.925838
0.925901
0.925991
0.926123
0.926139
0.926150
0.926364
0.926384
0.926534
0.926581
0.926595
0.926682
0.926690
0.926752
0.926776
0.926846
0.927111
0.927199
0.927200
0.927246
0.927323
0.927345
0.927429
0.927442
0.927535
0.927563
0.927669
0.927698
0.927763
0.927922
0.927923
0.927929
0.928124
0.928178
0.928199
0.928377
0.928498
0.928710
0.928923
0.929062
0.929080
0.929090
0.929125
0.929212
0.929290
0.929475
0.929583
0.929736
0.929787
0.929884
0.930026
0.930128
0.930198
0.930219
0.930362
0.930498
0.930811
0.930855
0.930997
0.931001
0.931009
0.931109
0.931233
0.931272
0.931350
0.931385
0.931493
0.931908
0.932104
0.932174
0.932434
0.932439
0.932599
0.932699
0.932708
0.932711
0.932941
0.932964
0.933047
0.933126
0.933175
0.933391
0.933488
0.933663
0.933958
0.934001
0.934121
0.934145
0.934244
0.934302
0.934458
0.934557
0.934617
0.934690
0.934710
0.934786
0.934942
0.935044
0.935281
0.935301
0.935374
0.935425
0.935495
0.935565
0.935605
0.935885
0.935894
0.935968
0.936149
0.936150
0.936191
0.936205
0.936237
0.936267
0.936278
0.936320
0.936366
0.936366
0.936449
0.936526
0.936746
0.936784
0.937013
0.937029
0.937037
0.937045
0.937262
0.937321
0.937336
0.937380
0.937396
0.937437
0.937554
0.937569
0.937666
0.937752
0.937754
0.937822
0.937888
0.937929
0.938083
0.938146
0.938180
0.938388
0.938389
0.938427
0.938566
0.938575
0.938907
0.938983
0.939193
0.939201
0.939227
0.939425
0.939507
0.939704
0.939808
0.940136
0.940189
0.940207
0.940318
0.940342
0.940367
0.940419
0.940444
0.940479
0.940590
0.940662
0.940844
0.940878
0.941310
0.941564
0.941568
0.941605
0.941826
0.941838
0.941910
0.941946
0.942040
0.942052
0.942101
0.942211
0.942434
0.942482
0.942619
0.942733
0.942802
0.942977
0.943015
0.943073
0.943119
0.943175
0.943275
0.943302
0.943379
0.943493
0.943558
0.943706
0.943736
0.943772
0.943935
0.943966
0.944049
0.944321
0.944394
0.944438
0.944492
0.944514
0.944545
0.944788
0.944887
0.944930
0.945080
0.945106
0.945185
0.945936
0.945972
0.946095
0.946189
0.946213
0.946351
0.946397
0.946612
0.946646
0.946944
0.947054
0.947086
0.947241
0.947408
0.947748
0.947767
0.948230
0.948240
0.948326
0.948375
0.948384
0.948452
0.948525
0.948565
0.948848
0.949002
0.949041
0.949055
0.949246
0.949387
0.949538
0.949613
0.949777
0.949890
0.950081
0.950119
0.950219
0.950337
0.950454
0.950605
0.950667
0.950796
0.950882
0.951014
0.951213
0.951323
0.951385
0.951553
0.951612
0.952063
0.952071
0.952178
0.952340
0.952371
0.952411
0.952451
0.952666
0.952729
0.952763
0.952886
0.952917
0.953025
0.953032
0.953168
0.953290
0.953507
0.953570
0.953619
0.953672
0.953680
0.953726
0.953825
0.953952
0.954009
0.954069
0.954105
0.954165
0.954279
0.954297
0.954354
0.954373
0.954488
0.954581
0.954808
0.954808
0.954815
0.954909
0.954943
0.955088
0.955257
0.955318
0.955387
0.955438
0.955512
0.955524
0.955686
0.955977
0.956012
0.956048
0.956126
0.956593
0.956611
0.956650
0.956838
0.956958
0.957024
0.957110
0.957271
0.957511
0.957533
0.957592
0.957606
0.957641
0.958075
0.958121
0.958129
0.958132
0.958272
0.958483
0.958590
0.958722
0.958832
0.958880
0.958920
0.958952
0.958992
0.959054
0.959119
0.959263
0.959343
0.959628
0.960023
0.960057
0.960101
0.960178
0.960219
0.960367
0.960504
0.960693
0.960762
0.960783
0.960858
0.961336
0.961341
0.961397
0.961494
0.961583
0.961604
0.961841
0.961949
0.962028
0.962033
0.962211
0.962269
0.962353
0.962354
0.962359
0.962383
0.962456
0.962598
0.962721
0.962744
0.962755
0.962877
0.962940
0.963002
0.963039
0.963065
0.963277
0.963339
0.963368
0.963426
0.963562
0.963597
0.963725
0.963966
0.964049
0.964109
0.964358
0.964389
0.964501
0.964536
0.964565
0.964585
0.964940
0.964981
0.965169
0.965182
0.965185
0.965466
0.965536
0.965590
0.965597
0.965623
0.965646
0.965745
0.965778
0.965890
0.966245
0.966251
0.966283
0.966449
0.966591
0.966630
0.966813
0.966848
0.967155
0.967158
0.967311
0.967344
0.967384
0.967483
0.968041
0.968376
0.968402
0.968550
0.968627
0.968724
0.968758
0.968884
0.968953
0.969067
0.969077
0.969180
0.969187
0.969291
0.969309
0.969325
0.969336
0.969414
0.969468
0.969590
0.969598
0.969711
0.969719
0.970081
0.970325
0.970333
0.970456
0.970589
0.970668
0.971403
0.971582
0.971905
0.971909
0.972159
0.972275
0.972334
0.972370
0.972379
0.972422
0.972568
0.972824
0.972943
0.973003
0.973262
0.973352
0.973513
0.973534
0.973581
0.973650
0.973702
0.973706
0.973754
0.973879
0.974037
0.974041
0.974042
0.974406
0.974449
0.974593
0.974621
0.974715
0.974948
0.974999
0.975237
0.975318
0.975355
0.975464
0.975588
0.975771
0.975840
0.975871
0.975914
0.975973
0.976014
0.976043
0.976136
0.976570
0.976593
0.976664
0.976740
0.976762
0.976798
0.976948
0.977384
0.977583
0.977620
0.977622
0.977642
0.977707
0.977770
0.977777
0.977866
0.977902
0.977924
0.977956
0.978023
0.978073
0.978159
0.978199
0.978235
0.978389
0.978736
0.979233
0.979247
0.979511
0.979640
0.979670
0.979803
0.979878
0.979920
0.979936
0.979937
0.980066
0.980400
0.980407
0.980485
0.980588
0.980645
0.980828
0.980865
0.981069
0.981111
0.981311
0.981359
0.981882
0.981890
0.981992
0.981994
0.982032
0.982080
0.982111
0.982257
0.982272
0.982319
0.982331
0.982427
0.982515
0.982776
0.982834
0.982997
0.983013
0.983024
0.983048
0.983056
0.983478
0.983557
0.983642
0.983807
0.983867
0.983877
0.983918
0.983992
0.984166
0.984198
0.984779
0.984908
0.984960
0.985160
0.985269
0.985283
0.985432
0.985709
0.985807
0.986171
0.986258
0.986348
0.986531
0.986554
0.986674
0.986777
0.986781
0.986860
0.987214
0.987288
0.987391
0.987587
0.987653
0.987696
0.987730
0.987918
0.987944
0.988110
0.988138
0.988146
0.988303
0.988340
0.988433
0.988538
0.988760
0.988802
0.988833
0.988909
0.988986
0.989090
0.989123
0.989150
0.989346
0.989358
0.989375
0.989594
0.989635
0.989720
0.989799
0.989806
0.989872
0.989920
0.989920
0.989930
0.990029
0.990405
0.990414
0.990548
0.990564
0.990621
0.990622
0.990789
0.990790
0.990999
0.991582
0.991854
0.991977
0.992101
0.992378
0.992482
0.992554
0.992593
0.992662
0.992682
0.992814
0.992860
0.992995
0.992996
0.993000
0.993018
0.993035
0.993041
0.993100
0.993134
0.993252
0.993273
0.993290
0.993330
0.993501
0.993567
0.993871
0.993902
0.993922
0.994087
0.994267
0.994416
0.994464
0.994519
0.994543
0.994592
0.994600
0.994669
0.994917
0.995040
0.995220
0.995275
0.995355
0.995392
0.995487
0.995513
0.995645
0.995701
0.995932
0.996042
0.996082
0.996096
0.996132
0.996305
0.996355
0.996498
0.996690
0.996784
0.997034
0.997126
0.997306
0.997361
0.997389
0.997532
0.997585
0.997619
0.997678
0.997792
0.997810
0.997818
0.997828
0.997992
0.998153
0.998307
0.998486
0.998506
0.998521
0.998717
0.999023
0.999171
0.999190
0.999224
0.999837
0.999853
0.999951
0.999960
0.999967
